dataset for initial classifier training: gpa_race 
classifier: lgb
number_iterations: 100
multiplier: 30
interior_classifier: rf
number_experiments: 100

fair_accuracy_mean: 0.8273252398668496
fair_diff_mean: 0.16437390176611988
fair_ratio_mean: 1.2299822991651086
fair_var_mean: 0.1960875367491662
fair_accuracy_std: 0.006615665323142205
fair_diff_std: 0.023242622988387654
fair_ratio_std: 0.039931975139924365
fair_var_std: 0.023598711698764478

unfair_accuracy_mean: 0.8401644801253183
unfair_diff_mean: 0.21866999814359653
unfair_ratio_mean: 1.346592247171317
unfair_var_mean: 0.2847837472101402
unfair_accuracy_std: 0.005023735954349189
unfair_diff_std: 0.02805665085836001
unfair_ratio_std: 0.05928361755041073
unfair_var_std: 0.030127588210419092

(fair_accuracy-unfair_accuracy)_mean: -0.012839240258468776
(fair_accuracy-unfair_accuracy)_std: 0.004944126775640037
(fair_diff-unfair_diff)_mean: -0.054296096377476656
(fair_diff-unfair_diff)_std: 0.02366464243894684
(fair_ratio-unfair_ratio)_mean: -0.1166099480062081
(fair_ratio-unfair_ratio)_std: 0.049160021610619005
(fair_variation-unfair_variation)_mean: -0.08869621046097398
(fair_varitaion-unfair_variation)_std: 0.034104980877817874

fair_diff: [0.1634215  0.14068479 0.21021585 0.15751839 0.16570679 0.13626528
 0.17372626 0.18403972 0.20910973 0.14215332 0.19176434 0.17750193
 0.18419646 0.14189709 0.14646845 0.1488098  0.14240625 0.13996985
 0.12796505 0.15975204 0.13759462 0.16321045 0.16212265 0.14157552
 0.14089469 0.1150341  0.17177876 0.16748894 0.13759462 0.20611708
 0.14956832 0.15973942 0.15126519 0.12780689 0.21276486 0.16796482
 0.19273715 0.15707071 0.13299924 0.13687147 0.18675681 0.16768021
 0.20505909 0.16846511 0.12930653 0.18755995 0.15987834 0.15546506
 0.14956832 0.16204354 0.19174136 0.20930107 0.165803   0.18660737
 0.15678694 0.2094275  0.16609898 0.12609379 0.16387978 0.16876059
 0.19852941 0.15721154 0.1698646  0.20865198 0.15083009 0.15920752
 0.12703461 0.19035647 0.18806925 0.17155541 0.1625387  0.16153121
 0.16514028 0.18317754 0.18358396 0.16556288 0.15805335 0.21019659
 0.12734901 0.16514028 0.15283469 0.15986771 0.16796482 0.1290074
 0.15791507 0.18567774 0.15307554 0.13641187 0.18612326 0.15698206
 0.14844185 0.18155442 0.14900276 0.2036333  0.16565025 0.16245661
 0.18571665 0.1542687  0.17813048 0.12703461]
fair_ratio: [1.22736904 1.18413156 1.30651585 1.21085795 1.22525766 1.17948921
 1.24697301 1.26135818 1.3136646  1.18947835 1.28054412 1.24791592
 1.25133349 1.18694379 1.20694575 1.20558117 1.18725861 1.18714201
 1.1908329  1.21520317 1.18684724 1.23569593 1.2277674  1.19409547
 1.1868386  1.15152341 1.2361958  1.23237204 1.18684724 1.30163475
 1.20152363 1.21974734 1.19928588 1.16418269 1.3128895  1.22487852
 1.28330038 1.22573036 1.17270051 1.18623494 1.26925062 1.22963103
 1.30495966 1.23113649 1.17832933 1.26472747 1.21407438 1.21084949
 1.20152363 1.23046192 1.27214902 1.31873954 1.22681851 1.26338297
 1.21863068 1.31548373 1.23404856 1.16494431 1.22961686 1.23706845
 1.29347826 1.22396058 1.23512837 1.30748713 1.20265376 1.22714958
 1.18095046 1.26941162 1.27559833 1.23850387 1.23026316 1.22665111
 1.2253316  1.26208479 1.26588022 1.23123307 1.21488152 1.31529488
 1.16863249 1.2253316  1.20791725 1.22345145 1.22487852 1.17246252
 1.21790515 1.26887761 1.20367902 1.18485474 1.2723755  1.22125818
 1.20950969 1.25301733 1.19941723 1.29975834 1.23046991 1.22192734
 1.26934344 1.21013899 1.25521618 1.18095046]
fair_variation: [0.21496673 0.22102366 0.21021585 0.20018579 0.20010058 0.20789875
 0.18570224 0.20774669 0.22016461 0.19077088 0.20408821 0.18210891
 0.21707317 0.16630541 0.18112633 0.22754162 0.16819141 0.15322569
 0.22491948 0.22008801 0.14846437 0.20936959 0.17092994 0.18412966
 0.16123202 0.20240412 0.17177876 0.16748894 0.14846437 0.20611708
 0.22245666 0.19107702 0.20267421 0.21651439 0.22971744 0.19019485
 0.20763894 0.21345086 0.20441712 0.19696647 0.19145656 0.20345414
 0.25377986 0.17652656 0.19729838 0.18913029 0.18915653 0.16899245
 0.22245666 0.18865293 0.19174136 0.26207555 0.22936244 0.19403744
 0.23935272 0.23170286 0.20496519 0.20963886 0.19074892 0.17538013
 0.21566581 0.19704348 0.18401587 0.20865198 0.17381449 0.21688648
 0.19947982 0.20381946 0.21080732 0.17155541 0.19019473 0.188742
 0.16514028 0.18317754 0.19964898 0.18414265 0.18399054 0.23949955
 0.13094338 0.16514028 0.15559421 0.19687561 0.19019485 0.22731078
 0.18987564 0.23020484 0.21157502 0.18203399 0.21827017 0.18603684
 0.17529725 0.18155442 0.16774221 0.22524225 0.16565025 0.16313948
 0.19929305 0.17332168 0.1988606  0.19947982]
fair_accuracy: [0.81711377 0.81672215 0.8319953  0.82729587 0.82044253 0.82435872
 0.82063834 0.84061093 0.83747797 0.82200901 0.82866654 0.83082044
 0.83101625 0.83943607 0.82005091 0.81495986 0.82827492 0.82964558
 0.81339338 0.82161739 0.82905816 0.82102996 0.82475034 0.82827492
 0.83356178 0.82631682 0.83023301 0.82807911 0.82905816 0.82905816
 0.82729587 0.82612101 0.82553358 0.8198551  0.8319953  0.82690425
 0.82455453 0.82651263 0.82533777 0.82768749 0.8361073  0.82827492
 0.81691796 0.83630311 0.81926767 0.83277854 0.8259252  0.83963188
 0.82729587 0.83121206 0.82690425 0.82553358 0.80928138 0.84237321
 0.81809281 0.82337967 0.83160368 0.83042882 0.83454083 0.82768749
 0.83042882 0.82533777 0.83473664 0.82240063 0.83062463 0.82944977
 0.81965929 0.82494615 0.82964558 0.83258273 0.82142158 0.82984139
 0.83532407 0.82475034 0.82455453 0.83630311 0.82807911 0.84080674
 0.83512826 0.83532407 0.8319953  0.82240063 0.82690425 0.817897
 0.81926767 0.83082044 0.8198551  0.8319953  0.82984139 0.82024672
 0.81770119 0.8259252  0.82866654 0.8278833  0.83571568 0.83786959
 0.82298806 0.83689054 0.81535148 0.81965929]
unfair_diff: [0.22200802 0.20493767 0.25811568 0.24760886 0.20692085 0.18009457
 0.22931799 0.20554644 0.21654218 0.24074189 0.21451789 0.28880806
 0.2299287  0.18934172 0.1873909  0.25898067 0.18135137 0.18551861
 0.16573084 0.2090475  0.17578907 0.22565958 0.21339608 0.23716108
 0.18006458 0.17756635 0.19168938 0.19910601 0.17578907 0.28033797
 0.2465092  0.23290304 0.23275113 0.20606227 0.25957106 0.18678566
 0.23764148 0.18510101 0.18779382 0.19314759 0.23303506 0.24341566
 0.29526275 0.24050955 0.23654297 0.24223804 0.21812855 0.25336969
 0.2465092  0.23457007 0.25426803 0.26956247 0.19423529 0.2030961
 0.21490306 0.24682199 0.23554398 0.21528435 0.20364802 0.22260593
 0.24113509 0.20494617 0.26465735 0.23128888 0.20619908 0.18732076
 0.18547346 0.276825   0.22421402 0.25181857 0.22357364 0.21478807
 0.20050609 0.21482466 0.2387218  0.20175336 0.19367745 0.23513255
 0.17863986 0.20050609 0.23270612 0.21872888 0.18678566 0.1939458
 0.23401979 0.22565944 0.1919234  0.22724547 0.2188476  0.17159828
 0.18263325 0.24080676 0.18756537 0.22368025 0.23747038 0.20056231
 0.23191866 0.20620326 0.24239713 0.18547346]
unfair_ratio: [1.35521283 1.32222127 1.43184739 1.3964876  1.32146632 1.25994782
 1.37694144 1.3118527  1.33542808 1.39039225 1.34121303 1.49773304
 1.36788593 1.27814801 1.27835735 1.43898142 1.27596948 1.27375307
 1.23876477 1.32732437 1.25934314 1.35900387 1.33701863 1.38035267
 1.26641133 1.26050153 1.28885701 1.31681648 1.25934314 1.48754429
 1.40452792 1.373795   1.37622785 1.31310761 1.42692608 1.28074451
 1.38915785 1.28116609 1.27928312 1.296875   1.37253905 1.39115349
 1.51504479 1.38511972 1.38805416 1.38852465 1.32874247 1.419704
 1.40452792 1.3849355  1.42485291 1.46524485 1.28632961 1.30219721
 1.33296708 1.40847302 1.3843086  1.33396674 1.31175746 1.35982877
 1.39579415 1.32460418 1.44334321 1.36657105 1.31778916 1.27973233
 1.29316773 1.47481904 1.36028873 1.41010453 1.35711763 1.34468984
 1.30875478 1.32751956 1.39318885 1.30755085 1.28932064 1.3798295
 1.26575436 1.30875478 1.37122166 1.35168173 1.28074451 1.28977784
 1.37534343 1.36463263 1.29840993 1.37076893 1.35015615 1.24972433
 1.27895353 1.38706362 1.28547685 1.35341479 1.37759266 1.30211285
 1.37347941 1.31303145 1.39857247 1.29316773]
unfair_variation: [0.26682692 0.27521183 0.3448576  0.29876773 0.26412326 0.21414497
 0.31984011 0.26565717 0.27472023 0.27428461 0.30593271 0.33081078
 0.28676471 0.27041589 0.26458515 0.326298   0.27197107 0.24109578
 0.23462928 0.28266433 0.25074716 0.29892857 0.27797974 0.31412645
 0.22977105 0.21269724 0.25082023 0.31144535 0.25074716 0.36033487
 0.31102301 0.29319102 0.3277845  0.26127581 0.29103846 0.26068639
 0.31699284 0.2395289  0.25121389 0.29676601 0.30683523 0.27716874
 0.33452556 0.29857099 0.32458459 0.28649389 0.27987375 0.32088757
 0.31102301 0.3252497  0.3393261  0.35017832 0.24173428 0.23983998
 0.25981858 0.31630543 0.30193862 0.27862247 0.26697369 0.31096758
 0.3046319  0.2801107  0.32574714 0.28711991 0.2630498  0.25859788
 0.29591837 0.32838082 0.28537471 0.29084923 0.29144958 0.30525442
 0.28824749 0.27470157 0.30216502 0.27459126 0.23862449 0.28683473
 0.26258344 0.28824749 0.29565249 0.28082656 0.26068639 0.25431977
 0.32388664 0.29311252 0.2751157  0.30856274 0.28621495 0.22504428
 0.24272738 0.28442825 0.25676831 0.28535784 0.27719704 0.26340718
 0.28705113 0.26746032 0.29053803 0.29591837]
unfair_accuracy: [0.82905816 0.8319953  0.84041512 0.84805169 0.83179949 0.84550617
 0.83101625 0.85235951 0.84139416 0.8421774  0.84041512 0.84531036
 0.84393969 0.84883493 0.83317016 0.83356178 0.83943607 0.84119836
 0.83963188 0.84237321 0.84335226 0.83747797 0.83219111 0.84041512
 0.84256902 0.84315645 0.84276483 0.83689054 0.84335226 0.83924026
 0.84178578 0.83747797 0.84139416 0.8421774  0.8441355  0.84433131
 0.83414921 0.8400235  0.83708635 0.84119836 0.84276483 0.83865283
 0.84315645 0.84237321 0.83317016 0.84511455 0.83982769 0.84844331
 0.84178578 0.83963188 0.84041512 0.84158997 0.83336597 0.85000979
 0.8441355  0.83982769 0.8421774  0.84726846 0.84315645 0.84041512
 0.83943607 0.83571568 0.84393969 0.83532407 0.8441355  0.8482475
 0.83160368 0.84061093 0.83375759 0.83943607 0.83082044 0.83865283
 0.84766007 0.83434502 0.83473664 0.84707265 0.83786959 0.84570198
 0.84628941 0.84766007 0.83904445 0.83219111 0.84433131 0.84570198
 0.83943607 0.8400235  0.83454083 0.83845702 0.84041512 0.83434502
 0.83277854 0.83943607 0.83571568 0.8380654  0.84061093 0.84668103
 0.83493245 0.8460936  0.83493245 0.83160368]

discrimanted_group_losses_improvement: [3.21428571e-02 1.82481752e-02 1.24688279e-02 2.76729560e-02
 3.09155767e-02 4.10447761e-02 1.45102781e-02 9.55794504e-03
 1.73472348e-18 4.04280618e-02 1.75438596e-02 2.29468599e-02
 1.63727960e-02 2.55813953e-02 2.54010695e-02 4.18719212e-02
 1.98265180e-02 2.43277849e-02 2.43013366e-02 2.89308176e-02
 2.38663484e-02 2.79465371e-02 2.45795602e-02 3.19803198e-02
 2.55813953e-02 3.20924262e-02 2.20779221e-02 1.33657351e-02
 2.38663484e-02 2.66666667e-02 5.37240537e-02 2.02380952e-02
 3.05882353e-02 1.87969925e-02 2.51196172e-02 2.45327103e-02
 2.25281602e-02 2.43309002e-02 3.01974448e-02 3.12124850e-02
 2.07570208e-02 3.17848411e-02 4.07911001e-02 1.65484634e-02
 2.43309002e-02 2.18446602e-02 2.87081340e-02 2.49687890e-02
 5.37240537e-02 3.50665054e-02 2.04819277e-02 2.55474453e-02
 1.84049080e-02 1.58536585e-02 3.15917375e-02 2.21130221e-02
 3.04136253e-02 3.45238095e-02 2.66021765e-02 1.48514851e-02
 1.58150852e-02 1.78997613e-02 3.81406436e-02 1.30023641e-02
 3.83275261e-02 1.58343484e-02 4.38489647e-02 3.66624526e-02
 1.01522843e-02 2.29885057e-02 2.25281602e-02 3.18237454e-02
 1.96560197e-02 1.52941176e-02 2.58620690e-02 1.79028133e-02
 2.25118483e-02 1.56250000e-02 2.86783042e-02 1.96560197e-02
 2.84697509e-02 2.30862697e-02 2.45327103e-02 4.28061831e-02
 2.30582524e-02 2.74463007e-02 2.56723716e-02 4.28571429e-02
 1.09622412e-02 1.33982948e-02 1.10565111e-02 1.81598063e-02
 2.66343826e-02 2.29191797e-02 2.52403846e-02 1.93298969e-02
 2.43902439e-02 2.03349282e-02 3.29113924e-02 4.38489647e-02]
discrimanted_group_losses_improvement_mean: 0.02525619271382976
discrimanted_group_losses_improvement_std: 0.009345765962074374

unfair_downgraded: [0.14404762 0.13260341 0.13965087 0.13459119 0.1391201  0.14303483
 0.15235792 0.13620072 0.14002478 0.14744352 0.13909774 0.14371981
 0.14105793 0.14069767 0.14572193 0.15640394 0.14002478 0.12291933
 0.13365735 0.14465409 0.13365155 0.16524909 0.13324709 0.14883149
 0.13488372 0.1322208  0.14025974 0.13487242 0.13365155 0.14787879
 0.15384615 0.13452381 0.13882353 0.12531328 0.14952153 0.12616822
 0.15769712 0.12408759 0.13704994 0.14285714 0.13431013 0.15770171
 0.14585909 0.14066194 0.13381995 0.12742718 0.14712919 0.13483146
 0.15384615 0.15235792 0.15662651 0.14355231 0.12515337 0.13658537
 0.14459295 0.15601966 0.15206813 0.11904762 0.13905683 0.13737624
 0.14233577 0.13365155 0.15375447 0.14775414 0.14634146 0.11571255
 0.15834348 0.15676359 0.14974619 0.1532567  0.14392991 0.15299878
 0.13513514 0.15294118 0.13793103 0.13171355 0.13744076 0.13942308
 0.12718204 0.13513514 0.14353499 0.12515188 0.12616822 0.13317479
 0.12864078 0.14200477 0.13447433 0.15324675 0.12911084 0.13032887
 0.12899263 0.1440678  0.14164649 0.16525935 0.14302885 0.14046392
 0.14634146 0.12799043 0.15696203 0.15834348]
fair_downgraded: [0.11190476 0.11435523 0.12718204 0.10691824 0.10820452 0.10199005
 0.13784764 0.12664277 0.14002478 0.10701546 0.12155388 0.12077295
 0.12468514 0.11511628 0.12032086 0.11453202 0.12019827 0.09859155
 0.10935601 0.11572327 0.1097852  0.13730255 0.10866753 0.11685117
 0.10930233 0.10012837 0.11818182 0.12150668 0.1097852  0.12121212
 0.1001221  0.11428571 0.10823529 0.10651629 0.12440191 0.10163551
 0.13516896 0.09975669 0.1068525  0.11164466 0.11355311 0.12591687
 0.10506799 0.12411348 0.10948905 0.10558252 0.11842105 0.10986267
 0.1001221  0.11729141 0.13614458 0.11800487 0.10674847 0.12073171
 0.11300122 0.13390663 0.1216545  0.08452381 0.11245466 0.12252475
 0.12652068 0.11575179 0.11561383 0.13475177 0.10801394 0.0998782
 0.11449452 0.12010114 0.13959391 0.1302682  0.12140175 0.12117503
 0.11547912 0.13764706 0.11206897 0.11381074 0.11492891 0.12379808
 0.09850374 0.11547912 0.11506524 0.10206561 0.10163551 0.09036861
 0.10558252 0.11455847 0.10880196 0.11038961 0.1181486  0.11693057
 0.11793612 0.12590799 0.11501211 0.14234017 0.11778846 0.12113402
 0.12195122 0.1076555  0.12405063 0.11449452]
 
unfair_downgraded_mean: 0.1410011096
fair_downgraded_mean: 0.11574491699999997