dataset for initial classifier training: gpa_race_sex 
classifier: lgb
number_iterations: 100
multiplier: 50
interior_classifier: rf
number_experiments: 100

fair_accuracy_mean: 0.8311219894262777
fair_diff_mean: 0.17725916198739483
fair_ratio_mean: 1.257393754702742
fair_var_mean: 0.19454122294056742
fair_accuracy_std: 0.005761559132392387
fair_diff_std: 0.033650561062792475
fair_ratio_std: 0.06032523191860947
fair_var_std: 0.03195017888867818

unfair_accuracy_mean: 0.8419071862149989
unfair_diff_mean: 0.22491274586947388
unfair_ratio_mean: 1.36876610149046
unfair_var_mean: 0.3060334119935083
unfair_accuracy_std: 0.005113053629754532
unfair_diff_std: 0.03296523546649327
unfair_ratio_std: 0.07356274776594565
unfair_var_std: 0.041560638041171875

(fair_accuracy-unfair_accuracy)_mean: -0.010785196788721372
(fair_accuracy-unfair_accuracy)_std: 0.004719677687857818
(fair_diff-unfair_diff)_mean: -0.0476535838820791
(fair_diff-unfair_diff)_std: 0.026131509604595735
(fair_ratio-unfair_ratio)_mean: -0.11137234678771797
(fair_ratio-unfair_ratio)_std: 0.05372368338692599
(fair_variation-unfair_variation)_mean: -0.11149218905294087
(fair_varitaion-unfair_variation)_std: 0.03700961827462714

fair_diff: [0.18671434 0.18531187 0.20722683 0.14249711 0.20609842 0.16644025
 0.21392745 0.15335334 0.19478349 0.18781158 0.18626163 0.162691
 0.11567347 0.14589566 0.27430673 0.22602    0.20504665 0.19775596
 0.18071228 0.15654649 0.16647263 0.1753519  0.17541454 0.25141326
 0.14841142 0.18571601 0.20076267 0.17828193 0.21965074 0.19954615
 0.14132668 0.1704401  0.13947566 0.23200264 0.1959801  0.17018662
 0.169397   0.18755462 0.21574074 0.20837258 0.21845238 0.18473039
 0.12821025 0.15411176 0.18494484 0.18854139 0.22390378 0.21368577
 0.15335334 0.11299069 0.17513823 0.09224367 0.19683649 0.21580605
 0.17304654 0.14930579 0.21793376 0.15582763 0.1415167  0.21965074
 0.19104735 0.1647343  0.21519353 0.16492509 0.20504665 0.12128884
 0.2008427  0.14478685 0.16354258 0.201169   0.1604442  0.2007874
 0.16809429 0.15406049 0.17928607 0.12732668 0.14928775 0.1638195
 0.1401747  0.20609842 0.24880782 0.12104338 0.15642686 0.19453405
 0.19693256 0.16995743 0.14036545 0.19996581 0.11038012 0.14734388
 0.2385906  0.20513185 0.12165232 0.13556816 0.17877709 0.15937869
 0.14823914 0.16486435 0.16591282 0.17328475]
fair_ratio: [1.2642726  1.26473124 1.30981436 1.18650357 1.31471786 1.24180943
 1.323167   1.22151039 1.29672625 1.27494066 1.2714098  1.23696297
 1.15232249 1.2061569  1.43595176 1.36005511 1.30320727 1.28427419
 1.26034821 1.22718332 1.23012392 1.24279494 1.25596204 1.39154523
 1.20524984 1.26571675 1.30114401 1.26196528 1.34403128 1.28889517
 1.19247348 1.23987865 1.18533067 1.36028645 1.28809075 1.24123541
 1.24447067 1.27317738 1.3217828  1.30098262 1.34492481 1.26719931
 1.16723076 1.22037982 1.26585821 1.27064812 1.35058618 1.31081567
 1.22151039 1.15349678 1.25212207 1.11991677 1.29169745 1.33487146
 1.24102911 1.21151653 1.32912446 1.21473807 1.19378864 1.34403128
 1.28440003 1.22809365 1.33504815 1.22710996 1.30320727 1.16432682
 1.29791667 1.20137021 1.23388347 1.2922644  1.22527014 1.3011811
 1.23185419 1.20843478 1.25447055 1.17507418 1.20777161 1.24493402
 1.18817973 1.31471786 1.39564522 1.16139117 1.21988304 1.28701745
 1.2941832  1.24399829 1.18715393 1.29270358 1.14980159 1.19655199
 1.36706247 1.30183687 1.16727193 1.17997842 1.25284188 1.21707274
 1.20784045 1.23081009 1.23577084 1.25436293]
fair_variation: [0.18671434 0.18531187 0.20722683 0.14397592 0.23609019 0.21034603
 0.24196735 0.1913215  0.24658859 0.19472345 0.19483202 0.21276169
 0.16203629 0.20013263 0.27430673 0.26806697 0.20504665 0.19775596
 0.18854435 0.20040506 0.16647263 0.19822772 0.18688558 0.25141326
 0.1503408  0.18571601 0.20076267 0.17828193 0.25827759 0.19954615
 0.14636049 0.1704401  0.17012785 0.24763519 0.21282218 0.18542964
 0.19058176 0.19243412 0.21574074 0.25033062 0.24116331 0.18473039
 0.1713475  0.20744533 0.18494484 0.18854139 0.2482493  0.21368577
 0.1913215  0.16008489 0.1805113  0.16763141 0.19683649 0.2296732
 0.18025146 0.16074094 0.22914219 0.15582763 0.1601668  0.25827759
 0.2302713  0.18383152 0.24109142 0.16492509 0.20504665 0.13979255
 0.2008427  0.17605775 0.19321763 0.21586958 0.1604442  0.20567376
 0.16809429 0.15406049 0.17928607 0.16375392 0.16132127 0.22636829
 0.15713148 0.23609019 0.24880782 0.12104338 0.16721501 0.19644976
 0.20489916 0.16995743 0.15211041 0.19996581 0.15585046 0.18375229
 0.2385906  0.20513185 0.15624812 0.14792144 0.1858478  0.19531236
 0.18537306 0.16486435 0.17977813 0.21527825]
fair_accuracy: [0.83258273 0.83728216 0.82827492 0.83473664 0.83786959 0.82475034
 0.83336597 0.83140787 0.83219111 0.82377129 0.8361073  0.82318387
 0.82240063 0.83512826 0.82984139 0.83082044 0.82259644 0.83238692
 0.8259252  0.82925397 0.8380654  0.82435872 0.82768749 0.82318387
 0.82651263 0.8361073  0.84119836 0.82240063 0.82768749 0.8361073
 0.83728216 0.82964558 0.8278833  0.83238692 0.83689054 0.83512826
 0.82240063 0.83434502 0.82964558 0.83728216 0.82964558 0.83767378
 0.82553358 0.82964558 0.83571568 0.83943607 0.83238692 0.84178578
 0.83140787 0.83179949 0.83277854 0.83512826 0.84903074 0.81691796
 0.84276483 0.8300372  0.83728216 0.81711377 0.83571568 0.82768749
 0.82905816 0.82435872 0.83454083 0.84237321 0.82259644 0.82631682
 0.83042882 0.82475034 0.83356178 0.8278833  0.8319953  0.83747797
 0.83140787 0.83904445 0.8278833  0.82377129 0.83023301 0.82690425
 0.83042882 0.83786959 0.82729587 0.83532407 0.83140787 0.82710006
 0.82827492 0.82925397 0.82866654 0.82651263 0.82886235 0.82964558
 0.82651263 0.82768749 0.83121206 0.83101625 0.82807911 0.83591149
 0.84080674 0.83473664 0.82377129 0.83767378]
unfair_diff: [0.22783324 0.22295487 0.29354898 0.21224554 0.25420727 0.2163506
 0.22395886 0.18716306 0.27572285 0.2255155  0.19859061 0.24003277
 0.21762091 0.21488604 0.27040745 0.29164592 0.25629016 0.25738683
 0.21229688 0.20084332 0.24120981 0.20095139 0.20804718 0.24860067
 0.2304014  0.21924993 0.26319743 0.23653124 0.27070185 0.22640652
 0.22063186 0.24879044 0.18515054 0.2828722  0.2478283  0.20941304
 0.188053   0.24080709 0.23030303 0.21998802 0.28416667 0.17133454
 0.18847452 0.25696914 0.23329007 0.18550385 0.27098849 0.18470026
 0.18716306 0.14239833 0.26325804 0.15014177 0.25016423 0.22749074
 0.21301349 0.1999128  0.2908322  0.21079754 0.2391378  0.27070185
 0.24136312 0.19554069 0.251381   0.22585256 0.25629016 0.20334708
 0.26901981 0.2189313  0.23977531 0.2554531  0.18682031 0.25011675
 0.19782537 0.19250247 0.23592529 0.18451193 0.17094017 0.18979353
 0.19723756 0.25420727 0.26397541 0.20053511 0.19984301 0.23503982
 0.2490384  0.19755993 0.17715486 0.21977847 0.19886522 0.20706877
 0.26040268 0.1953223  0.15437439 0.17405579 0.23895796 0.23574704
 0.23853781 0.19803    0.23238283 0.25869405]
unfair_ratio: [1.37307692 1.36705985 1.53404693 1.320167   1.43523366 1.3507157
 1.35732762 1.29197437 1.48850895 1.36808276 1.30233197 1.39709126
 1.34871784 1.34487883 1.48813812 1.53993907 1.42920882 1.4375576
 1.33881724 1.30126498 1.40303411 1.32026627 1.33056386 1.40719075
 1.37440227 1.34559735 1.45201298 1.40071174 1.46921653 1.36979731
 1.35449838 1.4201794  1.27211519 1.50458284 1.40933438 1.33232939
 1.29125281 1.40335187 1.36190476 1.35748053 1.51355422 1.24782317
 1.29213551 1.44272997 1.37004632 1.27982784 1.47422986 1.26865493
 1.29197437 1.20108873 1.45982405 1.21687145 1.4273639  1.37392157
 1.33473548 1.32366835 1.5313971  1.34560993 1.39943897 1.46921653
 1.40536627 1.29331104 1.42355976 1.3660369  1.42920882 1.32432572
 1.46043775 1.35320916 1.39862645 1.43791961 1.28853359 1.43843994
 1.3103143  1.29768424 1.38941885 1.28133502 1.25929127 1.29523438
 1.30832538 1.43523366 1.44922132 1.31476398 1.31343798 1.39173303
 1.41852286 1.3047467  1.26934769 1.35684462 1.31116558 1.32607381
 1.43400447 1.30926031 1.23237408 1.2601676  1.39826327 1.39648366
 1.40050792 1.3029859  1.37797207 1.45484668]
unfair_variation: [0.31416847 0.30808555 0.39179454 0.25864728 0.37314845 0.33719852
 0.29837313 0.27715618 0.36891616 0.30850621 0.26304348 0.32655687
 0.29569294 0.28737084 0.37762211 0.36140842 0.32673557 0.3526738
 0.31786217 0.27353966 0.34775171 0.28254902 0.28344988 0.32631579
 0.28147637 0.32438193 0.35260524 0.33404655 0.31575985 0.32492788
 0.29740847 0.32071525 0.28215447 0.37240829 0.32244244 0.27390342
 0.28151517 0.31119764 0.32770822 0.3072958  0.33555556 0.25239655
 0.28237494 0.34123941 0.29337474 0.22041199 0.33309404 0.22280723
 0.27715618 0.23920157 0.34273515 0.21455505 0.33733946 0.27878788
 0.29292929 0.30866873 0.38506985 0.34966688 0.32009752 0.31575985
 0.32085922 0.26186343 0.35842714 0.31631206 0.32673557 0.26251864
 0.34715891 0.31051355 0.3139892  0.32021997 0.26289534 0.39744464
 0.2614899  0.25529412 0.32964445 0.25872871 0.21366892 0.28288543
 0.25684584 0.37314845 0.33073848 0.29427577 0.26717801 0.31397849
 0.34670625 0.26967286 0.24283437 0.33492563 0.29211919 0.29249974
 0.27280702 0.24608063 0.23822844 0.25531024 0.32788462 0.33223467
 0.31941176 0.24978687 0.32759356 0.38669554]
unfair_accuracy: [0.84433131 0.84276483 0.83689054 0.84726846 0.84550617 0.83649892
 0.84903074 0.84100255 0.84785588 0.83982769 0.84491874 0.84256902
 0.84335226 0.84883493 0.83571568 0.83845702 0.83982769 0.84531036
 0.83924026 0.83826121 0.84472293 0.83532407 0.8380654  0.83845702
 0.84472293 0.84237321 0.84570198 0.82984139 0.84433131 0.83826121
 0.84570198 0.84080674 0.84726846 0.84942236 0.8502056  0.84296064
 0.83708635 0.84119836 0.84198159 0.84237321 0.83963188 0.84374388
 0.84198159 0.84550617 0.84335226 0.84452712 0.84139416 0.84942236
 0.84100255 0.83571568 0.84158997 0.84805169 0.8482475  0.82710006
 0.85196789 0.83375759 0.84491874 0.82631682 0.84668103 0.84433131
 0.84315645 0.83434502 0.84648522 0.84707265 0.83982769 0.83140787
 0.83904445 0.84198159 0.84746426 0.84472293 0.83414921 0.84393969
 0.83963188 0.84863912 0.84433131 0.84119836 0.83708635 0.8460936
 0.84393969 0.84550617 0.8319953  0.8441355  0.83904445 0.83669473
 0.84139416 0.83924026 0.84178578 0.83767378 0.84061093 0.84648522
 0.83786959 0.83160368 0.83767378 0.84374388 0.83982769 0.84198159
 0.84961817 0.84903074 0.84863912 0.8441355 ]

discrimanted_group_losses_improvement: [0.02777778 0.03424658 0.03686636 0.03546099 0.0278481  0.04587156
 0.02163462 0.01900238 0.04615385 0.0247191  0.02112676 0.03432494
 0.06020942 0.04215457 0.03110048 0.02714932 0.02816901 0.03794643
 0.02721088 0.0212766  0.03640777 0.02386117 0.02534562 0.0162413
 0.01351351 0.02293578 0.0326087  0.02528736 0.03846154 0.04597701
 0.04608295 0.03456221 0.04086538 0.02696629 0.04761905 0.02752294
 0.02790698 0.0450237  0.04627249 0.00700935 0.02237136 0.02716049
 0.04513064 0.05790646 0.02981651 0.00947867 0.02948403 0.015
 0.01900238 0.02488688 0.04785894 0.04964539 0.03117506 0.01401869
 0.02770781 0.03357314 0.01342282 0.02212389 0.04081633 0.03846154
 0.03378378 0.02702703 0.02375297 0.04761905 0.02816901 0.04239401
 0.03324808 0.03667482 0.03628118 0.03588517 0.02534562 0.02777778
 0.04235294 0.02242152 0.03846154 0.04063205 0.03448276 0.03125
 0.02517162 0.0278481  0.00932401 0.01877934 0.02494331 0.00712589
 0.03002309 0.02073733 0.05399061 0.02298851 0.0470297  0.02576112
 0.01727862 0.01481481 0.02314815 0.04950495 0.02908277 0.02267574
 0.03102625 0.01528384 0.05128205 0.05228758]
discrimanted_group_losses_improvement_mean: 0.031074285836311336
discrimanted_group_losses_improvement_std: 0.011583123235664348

unfair_downgraded: [0.15909091 0.16438356 0.16589862 0.1465721  0.17974684 0.17431193
 0.17067308 0.12826603 0.1956044  0.17078652 0.16901408 0.16933638
 0.18324607 0.16861827 0.20813397 0.16289593 0.15492958 0.17633929
 0.16099773 0.16312057 0.16262136 0.1691974  0.16820276 0.17865429
 0.14189189 0.16513761 0.18043478 0.1954023  0.18552036 0.18390805
 0.17050691 0.15207373 0.15144231 0.16853933 0.16326531 0.16743119
 0.13488372 0.16350711 0.18508997 0.1728972  0.17449664 0.14320988
 0.14489311 0.1714922  0.16284404 0.15165877 0.16216216 0.165
 0.12826603 0.13800905 0.18387909 0.14420804 0.15827338 0.16121495
 0.1511335  0.16546763 0.1655481  0.14380531 0.16326531 0.18552036
 0.14864865 0.16461916 0.18289786 0.17857143 0.15492958 0.16209476
 0.18925831 0.14180929 0.16099773 0.1937799  0.16129032 0.18981481
 0.15058824 0.14573991 0.16063348 0.15124153 0.16256158 0.171875
 0.16475973 0.17974684 0.16083916 0.12910798 0.15873016 0.16627078
 0.18475751 0.16589862 0.18544601 0.1862069  0.16336634 0.15456674
 0.15550756 0.17283951 0.15046296 0.15346535 0.17002237 0.16099773
 0.14797136 0.15502183 0.16083916 0.20043573]
fair_downgraded: [0.13131313 0.13013699 0.12903226 0.11111111 0.15189873 0.12844037
 0.14903846 0.10926366 0.14945055 0.14606742 0.14788732 0.13501144
 0.12303665 0.1264637  0.17703349 0.13574661 0.12676056 0.13839286
 0.13378685 0.14184397 0.12621359 0.14533623 0.14285714 0.16241299
 0.12837838 0.14220183 0.14782609 0.17011494 0.14705882 0.13793103
 0.12442396 0.11751152 0.11057692 0.14157303 0.11564626 0.13990826
 0.10697674 0.11848341 0.13881748 0.16588785 0.15212528 0.11604938
 0.09976247 0.11358575 0.13302752 0.14218009 0.13267813 0.15
 0.10926366 0.11312217 0.13602015 0.09456265 0.12709832 0.14719626
 0.12342569 0.13189448 0.15212528 0.12168142 0.12244898 0.14705882
 0.11486486 0.13759214 0.15914489 0.13095238 0.12676056 0.11970075
 0.15601023 0.10513447 0.12471655 0.15789474 0.1359447  0.16203704
 0.10823529 0.12331839 0.12217195 0.11060948 0.12807882 0.140625
 0.1395881  0.15189873 0.15151515 0.11032864 0.13378685 0.15914489
 0.15473441 0.14516129 0.1314554  0.16321839 0.11633663 0.12880562
 0.13822894 0.15802469 0.12731481 0.1039604  0.1409396  0.138322
 0.11694511 0.13973799 0.10955711 0.14814815]

fair_downgraded_mean: 0.1338810424
unfair_downgraded_mean: .16495532859999998
