dataset for initial classifier training: gpa_race_and_sex 
classifier: LGBMClassifier()
number_iterations: 20
multiplier: 50
interior_classifier: rf
number_experiments: 100

fair_accuracy_mean: 0.8320579596632074
fair_diff_mean: 0.16534385866223836
fair_ratio_mean: 1.2347985444370564
fair_var_mean: 0.1792954977596024
fair_accuracy_std: 0.00637208602220874
fair_diff_std: 0.029847901806765467
fair_ratio_std: 0.05096982062967897
fair_var_std: 0.027182740898523454

unfair_accuracy_mean: 0.8430233013510866
unfair_diff_mean: 0.21826751998781396
unfair_ratio_mean: 1.352903930729198
unfair_var_mean: 0.29481718196068846
unfair_accuracy_std: 0.005001692008490816
unfair_diff_std: 0.0306747793109175
unfair_ratio_std: 0.06704621450285347
unfair_var_std: 0.039459247510414124

(fair_accuracy-unfair_accuracy)_mean: -0.010965341687879384
(fair_accuracy-unfair_accuracy)_std: 0.004729685272338912
(fair_diff-unfair_diff)_mean: -0.05292366132557562
(fair_diff-unfair_diff)_std: 0.02731867739767348
(fair_ratio-unfair_ratio)_mean: -0.11810538629214157
(fair_ratio-unfair_ratio)_std: 0.05562931889345499
(fair_variation-unfair_variation)_mean: -0.11552168420108609
(fair_varitaion-unfair_variation)_std: 0.03821075488559839

fair_diff: [0.16398017 0.19865848 0.20448048 0.17474169 0.17003019 0.09428269
 0.1833384  0.1383376  0.20140903 0.10891611 0.16073009 0.16498639
 0.20292424 0.18317197 0.15869042 0.17723    0.17423007 0.17162698
 0.1950874  0.16818728 0.19653619 0.13289919 0.22980769 0.19616241
 0.21014329 0.16761234 0.15865787 0.18338661 0.17575107 0.21448623
 0.13633963 0.14087214 0.16305085 0.1404569  0.17853774 0.14804502
 0.22100522 0.15183212 0.14140551 0.18857704 0.15712859 0.15329154
 0.11676695 0.10381819 0.09471481 0.15761179 0.18317197 0.17088175
 0.16931217 0.21577665 0.14598669 0.14020448 0.15434434 0.16691729
 0.13289919 0.15210395 0.14969693 0.21891534 0.22418301 0.11536097
 0.11063308 0.13104839 0.17397733 0.15339201 0.20979612 0.18175433
 0.13882382 0.14961069 0.11524823 0.12395418 0.18317197 0.16498639
 0.18442682 0.19225008 0.17001224 0.18503401 0.20199147 0.1701741
 0.1692454  0.16678287 0.13415857 0.20140903 0.17419825 0.14287722
 0.21908988 0.11919911 0.18633178 0.17938001 0.13969197 0.16398017
 0.16900249 0.17096569 0.18573527 0.16449121 0.16530006 0.11987768
 0.16730769 0.13633963 0.14642174 0.17862359]
fair_ratio: [1.22494715 1.29573023 1.31012873 1.25444842 1.24596601 1.12064988
 1.25448464 1.1902142  1.28453021 1.13778544 1.22655288 1.23459002
 1.30654513 1.26589479 1.22169984 1.25292198 1.2439221  1.25478645
 1.28498062 1.2364142  1.28878788 1.18273639 1.3535503  1.28879467
 1.31159177 1.23970368 1.22060999 1.26226257 1.24927957 1.32012871
 1.18576274 1.19453772 1.22114943 1.19491977 1.25505391 1.21572274
 1.34624151 1.21576143 1.18786733 1.26813298 1.22155131 1.21579876
 1.15370344 1.13401984 1.12312925 1.21532878 1.26589479 1.23923445
 1.23703704 1.32680735 1.19715729 1.19017836 1.22206685 1.24342105
 1.18273639 1.20882068 1.21018054 1.32837302 1.33076181 1.15647973
 1.14349438 1.17473118 1.24828015 1.21304446 1.30197927 1.25659434
 1.18766924 1.21626891 1.1536643  1.16256286 1.26589479 1.23459002
 1.26752022 1.28320711 1.24100636 1.26280193 1.29983108 1.24207865
 1.24406968 1.23127225 1.1813625  1.28453021 1.25142016 1.19206446
 1.34033379 1.15098555 1.27367481 1.25012142 1.19079018 1.22494715
 1.23955693 1.25185268 1.26648974 1.2273849  1.22620008 1.16346956
 1.23641304 1.18576274 1.19871522 1.26074938]
fair_variation: [0.16398017 0.22863746 0.21776777 0.17474169 0.18701431 0.15450538
 0.18844004 0.15143695 0.20140903 0.13941846 0.18875601 0.18032657
 0.21984038 0.18317197 0.16196255 0.18555987 0.17423007 0.21881108
 0.20190489 0.17019596 0.19653619 0.17582283 0.22980769 0.19616241
 0.21014329 0.18910804 0.16063903 0.20746329 0.18311262 0.21448623
 0.13633963 0.15086207 0.16305085 0.15827944 0.19314516 0.20793034
 0.22100522 0.1980999  0.17146595 0.20393048 0.17390555 0.16267105
 0.14879494 0.10484612 0.1294843  0.15761179 0.18317197 0.17088175
 0.16931217 0.22863248 0.14598669 0.14020448 0.21886284 0.19301335
 0.17582283 0.15210395 0.17323529 0.21891534 0.22418301 0.14249664
 0.15474539 0.13104839 0.17733884 0.15339201 0.20979612 0.18175433
 0.13882382 0.19553362 0.12353085 0.14845693 0.18317197 0.18032657
 0.20284167 0.20479707 0.17471063 0.18503401 0.20199147 0.18698186
 0.17674245 0.16678287 0.13415857 0.20140903 0.20184484 0.18825025
 0.24996355 0.19448691 0.18905695 0.17938001 0.15873874 0.16398017
 0.18879664 0.19349409 0.19053848 0.16449121 0.18104338 0.15795678
 0.16910979 0.13633963 0.14856997 0.18650213]
fair_accuracy: [0.83591149 0.84139416 0.83179949 0.82220482 0.83101625 0.83591149
 0.83473664 0.82729587 0.82240063 0.83649892 0.84687684 0.83591149
 0.8400235  0.82690425 0.82984139 0.83414921 0.83082044 0.82670844
 0.83904445 0.84315645 0.83865283 0.82964558 0.82729587 0.83473664
 0.8319953  0.83238692 0.83101625 0.84374388 0.82729587 0.83317016
 0.83845702 0.82827492 0.84158997 0.82807911 0.83297435 0.82435872
 0.83454083 0.83591149 0.83023301 0.81319757 0.83277854 0.8239671
 0.83591149 0.84315645 0.82768749 0.83473664 0.82690425 0.84061093
 0.83336597 0.8339534  0.83649892 0.84021931 0.82298806 0.82200901
 0.82964558 0.83571568 0.83336597 0.83904445 0.82161739 0.83062463
 0.83317016 0.83277854 0.8400235  0.82925397 0.82161739 0.83434502
 0.82905816 0.82220482 0.81515567 0.82631682 0.82690425 0.83591149
 0.84158997 0.83297435 0.82651263 0.83375759 0.8278833  0.8278833
 0.82475034 0.83082044 0.82651263 0.82240063 0.83336597 0.83101625
 0.82651263 0.83179949 0.83179949 0.84178578 0.84256902 0.83591149
 0.83865283 0.83023301 0.8361073  0.8278833  0.82455453 0.83904445
 0.83943607 0.83845702 0.83082044 0.82905816]
unfair_diff: [0.18880493 0.2425087  0.23192771 0.18330409 0.2039275  0.20069752
 0.22244341 0.17536278 0.24734645 0.1702381  0.20231461 0.21677705
 0.24678789 0.20956836 0.23609023 0.23324868 0.24134812 0.21130952
 0.27894881 0.22225274 0.22845339 0.18689963 0.25707229 0.25502056
 0.20697351 0.2270633  0.2438141  0.25957408 0.22620237 0.19834711
 0.18079648 0.24434779 0.22872797 0.21726981 0.28424865 0.19858452
 0.22112412 0.21170976 0.20700831 0.26031103 0.21830092 0.21954023
 0.21439801 0.19639786 0.17183293 0.19300138 0.20956836 0.19647911
 0.24944037 0.24859232 0.15839922 0.18890356 0.22468403 0.21612364
 0.18689963 0.22727814 0.22221424 0.26583082 0.2309057  0.15758869
 0.14988896 0.22698186 0.23928187 0.22908994 0.23679234 0.1882761
 0.20329429 0.22177888 0.154447   0.1998174  0.20956836 0.21677705
 0.23238279 0.26052912 0.24813001 0.19047619 0.25728489 0.22827903
 0.26373325 0.17057959 0.21549877 0.24734645 0.28892128 0.19189134
 0.28885952 0.1705627  0.20679314 0.18397503 0.23950829 0.18880493
 0.20078753 0.23161583 0.27981339 0.18802651 0.20209749 0.18578406
 0.25054945 0.18079648 0.23268079 0.21991495]
unfair_ratio: [1.28058511 1.40213467 1.38654618 1.27662254 1.32672256 1.30923801
 1.36716563 1.26916148 1.41224409 1.25422222 1.31853789 1.3426476
 1.41718905 1.33479823 1.38014528 1.3804175  1.39420193 1.33809524
 1.48898085 1.34495477 1.36963245 1.28738331 1.448309   1.42889822
 1.31785218 1.36828559 1.3999647  1.43154192 1.36560616 1.30545455
 1.26630833 1.41664431 1.3670286  1.35177016 1.51018989 1.31649408
 1.35229945 1.34434719 1.3259786  1.45879819 1.35379804 1.3576779
 1.333221   1.2998763  1.25676185 1.29360848 1.33479823 1.30966816
 1.41271044 1.41699356 1.23055886 1.29078413 1.36837731 1.35182919
 1.28738331 1.3787969  1.36338564 1.46151184 1.36176291 1.23467012
 1.21342884 1.37452007 1.3997758  1.37551856 1.40362331 1.29152428
 1.31575497 1.36381704 1.22631838 1.31343905 1.33479823 1.3426476
 1.3834316  1.44615612 1.41569834 1.28717949 1.44686323 1.36409061
 1.45736019 1.24639273 1.34574527 1.41224409 1.51857666 1.29996807
 1.51352803 1.25040057 1.32761609 1.2718437  1.39723326 1.28058511
 1.31521483 1.38696792 1.49247157 1.29272309 1.30744617 1.29163777
 1.42300557 1.26630833 1.37624979 1.36271686]
unfair_variation: [0.27464729 0.29246895 0.32592593 0.29004736 0.28954451 0.26851915
 0.32485365 0.24742102 0.28239247 0.26035714 0.29079079 0.29197005
 0.32749832 0.27727161 0.30166836 0.33045106 0.32108844 0.26388889
 0.37340775 0.27027756 0.29386154 0.25320365 0.37363225 0.31214116
 0.31914614 0.28017226 0.30078832 0.33349624 0.28514112 0.23437028
 0.21250363 0.34759977 0.31398437 0.26533166 0.34285714 0.28254902
 0.31527094 0.27407407 0.30676245 0.32680401 0.33006867 0.29441946
 0.26299309 0.28593064 0.25055533 0.26765734 0.27727161 0.29986068
 0.32525264 0.34262166 0.21082656 0.31190343 0.29402572 0.30150376
 0.25320365 0.32777778 0.29848921 0.36574757 0.28682488 0.22846715
 0.19576818 0.34632035 0.28926473 0.32776094 0.35210884 0.27416667
 0.29653136 0.33271865 0.24985923 0.2614899  0.27727161 0.29197005
 0.33540281 0.3629183  0.30310078 0.28410311 0.34529506 0.27686203
 0.3611815  0.23356009 0.30907948 0.28239247 0.37333843 0.23419242
 0.34659091 0.23230212 0.28249991 0.24785544 0.31205882 0.27464729
 0.2620036  0.31724933 0.34681818 0.28359016 0.21312366 0.29844683
 0.3413416  0.21250363 0.31328626 0.30716233]
unfair_accuracy: [0.85079303 0.84687684 0.84531036 0.83277854 0.83845702 0.84452712
 0.84433131 0.84080674 0.84354807 0.84198159 0.85098884 0.84393969
 0.84335226 0.83982769 0.8400235  0.84198159 0.84021931 0.83649892
 0.84628941 0.85314275 0.84707265 0.84335226 0.84119836 0.84393969
 0.8380654  0.84354807 0.84785588 0.85607989 0.84080674 0.84296064
 0.84433131 0.83904445 0.85040141 0.84100255 0.84256902 0.83277854
 0.84296064 0.84139416 0.84198159 0.82984139 0.83708635 0.83865283
 0.84863912 0.84844331 0.84178578 0.84393969 0.83982769 0.84374388
 0.83728216 0.8421774  0.85157627 0.84491874 0.84256902 0.83473664
 0.84335226 0.84883493 0.83943607 0.8441355  0.84178578 0.84296064
 0.85529665 0.8441355  0.84883493 0.83728216 0.8319953  0.83963188
 0.84785588 0.83649892 0.83708635 0.83904445 0.83982769 0.84393969
 0.84863912 0.84883493 0.84296064 0.84550617 0.83865283 0.84139416
 0.83493245 0.84491874 0.83786959 0.84354807 0.84511455 0.84021931
 0.84393969 0.84687684 0.85000979 0.84668103 0.85275113 0.85079303
 0.84158997 0.83649892 0.84433131 0.84374388 0.84315645 0.84237321
 0.84276483 0.84433131 0.85040141 0.83532407]