dataset for initial classifier training: loan 
classifier: lgb
number_iterations: 100
multiplier: 20
interior_classifier: rf
number_experiments: 100

fair_accuracy_mean: 0.937032212885154
fair_diff_mean: 0.4354415002507551
fair_ratio_mean: 1.8800593219422108
fair_var_mean: 0.4997735271328307
fair_accuracy_std: 0.0008672589637161507
fair_diff_std: 0.016941808345292922
fair_ratio_std: 0.06827407190344284
fair_var_std: 0.020387857731048495

unfair_accuracy_mean: 0.9372434173669468
unfair_diff_mean: 0.5609437659615508
unfair_ratio_mean: 2.9717301807238816
unfair_var_mean: 0.7111504452637081
unfair_accuracy_std: 0.0008858571207095382
unfair_diff_std: 0.011372943513023167
unfair_ratio_std: 0.10487019673543992
unfair_var_std: 0.010222298391415306

(fair_accuracy-unfair_accuracy)_mean: -0.000211204481792715
(fair_accuracy-unfair_accuracy)_std: 0.0008069042551669217
(fair_diff-unfair_diff)_mean: -0.12550226571079576
(fair_diff-unfair_diff)_std: 0.016281875730627504
(fair_ratio-unfair_ratio)_mean: -1.0916708587816704
(fair_ratio-unfair_ratio)_std: 0.09981958915634818
(fair_variation-unfair_variation)_mean: -0.21137691813087747
(fair_varitaion-unfair_variation)_std: 0.018737170473131295

fair_diff: [0.45478672 0.42929764 0.41680758 0.41664    0.45343532 0.42744194
 0.43246152 0.44019397 0.39939325 0.43473132 0.45247411 0.43739039
 0.44221557 0.43976375 0.44793238 0.43011629 0.45565165 0.42116434
 0.41706409 0.44300296 0.45536212 0.46242259 0.46938064 0.43464689
 0.4408744  0.44679905 0.41143721 0.41880381 0.42280553 0.43594119
 0.42608652 0.42188183 0.40412494 0.42336394 0.44564153 0.40184746
 0.40601192 0.43611542 0.43754212 0.41755116 0.42148724 0.41444353
 0.44441127 0.44557414 0.44586982 0.44364638 0.44378829 0.45033286
 0.44004345 0.42336394 0.42946777 0.42993864 0.44884231 0.45295636
 0.43339474 0.41639054 0.43544881 0.46062704 0.4325756  0.45076718
 0.43489017 0.42487633 0.45705817 0.45322742 0.43557687 0.43900228
 0.42452452 0.44004345 0.43478976 0.40529227 0.43011629 0.43569868
 0.45463972 0.44180191 0.40568907 0.45749954 0.4297711  0.44467388
 0.44324226 0.42492923 0.44869222 0.38923676 0.45247411 0.47350896
 0.44280831 0.42243819 0.45820525 0.40234882 0.44180191 0.40363055
 0.43797674 0.42429636 0.43108128 0.47350896 0.4621966  0.41897512
 0.445448   0.43917231 0.44087646 0.44415524]
fair_ratio: [1.99269372 1.83790625 1.78795038 1.80980057 1.95703557 1.85670278
 1.87190657 1.88168798 1.73690249 1.87421958 1.94221729 1.87707078
 1.89987857 1.90249438 1.93658588 1.86791323 1.94755466 1.82817599
 1.80300752 1.89113203 1.95865709 1.97580957 2.03680424 1.88772217
 1.89915174 1.90753544 1.77873378 1.81965195 1.80195572 1.89827108
 1.8405232  1.82806458 1.7534233  1.83014963 1.90839178 1.77469563
 1.7707502  1.89265275 1.90189377 1.81151887 1.86071033 1.79293187
 1.91591097 1.92251891 1.90899056 1.90692076 1.91574936 1.96419582
 1.9064626  1.83014963 1.86864391 1.84612125 1.93051328 1.95073508
 1.86297438 1.8049273  1.8706378  1.95942279 1.86616782 1.92461498
 1.8590043  1.84110189 1.94762091 1.95954315 1.85636249 1.89313341
 1.83925609 1.9064626  1.90166927 1.77214774 1.86791323 1.85654685
 1.95369008 1.90594065 1.76140195 1.95767628 1.85406906 1.91751592
 1.92003015 1.8325194  1.95757139 1.68935605 1.94221729 2.04606047
 1.88772398 1.81735755 1.97091818 1.75245595 1.90594065 1.74735596
 1.89096204 1.83932648 1.86242068 2.04606047 1.97272559 1.82284987
 1.91169618 1.91896328 1.89611199 1.9357606 ]
fair_variation: [0.53847413 0.48430435 0.46673268 0.48251484 0.52175309 0.49702048
 0.50017464 0.49689531 0.45441311 0.4982965  0.51620491 0.49745245
 0.50440457 0.50874327 0.51734429 0.50095279 0.51507587 0.48763168
 0.47651256 0.49819186 0.52171098 0.52166184 0.54414032 0.50642837
 0.50545456 0.50347613 0.46724625 0.48524139 0.46922591 0.51025447
 0.48968282 0.48577163 0.46021366 0.48588039 0.50560466 0.4765248
 0.47013882 0.50712678 0.51135656 0.48157328 0.50628012 0.47353005
 0.51176552 0.51312173 0.50545817 0.50722044 0.51082299 0.52892032
 0.51039442 0.48588039 0.50202732 0.48861997 0.5138996  0.52041725
 0.49328373 0.47882117 0.49580276 0.51603263 0.49682617 0.50803521
 0.49074029 0.4909635  0.51397963 0.52409288 0.4872531  0.50460984
 0.49022333 0.51039442 0.51310586 0.47097767 0.50095279 0.4869061
 0.51897442 0.50835565 0.46434095 0.51800371 0.49261404 0.51165665
 0.51416792 0.48508373 0.52763617 0.43189829 0.51620491 0.5438177
 0.49776299 0.47868411 0.52380159 0.46079879 0.50835565 0.45571911
 0.50529426 0.49120663 0.49604513 0.5438177  0.52148924 0.48692912
 0.50748663 0.51826281 0.50426153 0.52151684]
fair_accuracy: [0.93640056 0.93682073 0.93596639 0.9379972  0.93726891 0.93666667
 0.93679272 0.93512605 0.93581232 0.93705882 0.93682073 0.93676471
 0.93763305 0.93740896 0.93754902 0.93564426 0.93722689 0.93752101
 0.93784314 0.93721289 0.93582633 0.93714286 0.93770308 0.93656863
 0.93578431 0.93816527 0.93609244 0.93703081 0.93795518 0.93714286
 0.93701681 0.937507   0.93464986 0.93677871 0.93880952 0.93648459
 0.93683473 0.93686275 0.93542017 0.93662465 0.93663866 0.93833333
 0.93756303 0.93732493 0.93903361 0.93616246 0.93666667 0.93782913
 0.93717087 0.93677871 0.93677871 0.93830532 0.93612045 0.93563025
 0.93773109 0.93718487 0.93684874 0.93701681 0.93668067 0.93787115
 0.93903361 0.93805322 0.93670868 0.93666667 0.93663866 0.9387535
 0.93663866 0.93717087 0.93747899 0.93763305 0.93564426 0.93644258
 0.9369888  0.93648459 0.93735294 0.93560224 0.93806723 0.9370028
 0.93837535 0.93570028 0.93651261 0.9392577  0.93682073 0.93722689
 0.93773109 0.93638655 0.9370028  0.93642857 0.93648459 0.93666667
 0.93857143 0.93703081 0.93809524 0.93722689 0.93710084 0.93637255
 0.93631653 0.93670868 0.93782913 0.93740896]
unfair_diff: [0.56061186 0.5607774  0.56221849 0.56625561 0.57702588 0.56758622
 0.56185122 0.56894808 0.54471284 0.58015754 0.55470515 0.56687405
 0.55400282 0.57203849 0.56060759 0.57906683 0.56401288 0.55866613
 0.54600748 0.5588007  0.57394915 0.56159624 0.55841571 0.54821675
 0.55996611 0.58495794 0.55551156 0.54160879 0.55565945 0.54022161
 0.5664679  0.55335473 0.55459326 0.55218952 0.57518442 0.53940127
 0.54595631 0.55837407 0.55176814 0.53941857 0.54504329 0.54907267
 0.56696834 0.54860533 0.57677993 0.56285962 0.56371165 0.53889982
 0.55822996 0.55218952 0.54327365 0.559014   0.55820373 0.56961516
 0.55407286 0.54583699 0.56240841 0.56684593 0.53582565 0.58348127
 0.56000846 0.5675661  0.5722642  0.58530256 0.57658921 0.5641525
 0.55379599 0.55822996 0.54221437 0.55124167 0.57906683 0.5648071
 0.56765524 0.56621521 0.55319062 0.56719534 0.57043714 0.55695775
 0.55719328 0.56827667 0.5499538  0.5533113  0.55470515 0.57157193
 0.58172321 0.57050897 0.55550898 0.56144245 0.56621521 0.57328933
 0.55828958 0.5490016  0.56091623 0.57157193 0.58287976 0.57425837
 0.56732629 0.56486566 0.56940854 0.55259159]
unfair_ratio: [3.01362626 2.93485264 2.92451713 3.03394681 3.15850423 2.97397865
 3.01703989 3.06563485 2.8200455  3.14431413 2.96187426 2.99389271
 2.90030709 3.0001103  2.95567606 3.14305302 2.97578944 3.01285863
 2.8358356  2.96353055 3.1234245  2.94209148 2.91456813 2.87673794
 2.97464783 3.20318976 2.93161282 2.82226542 2.84020683 2.85936739
 3.01562711 2.93151027 2.89955158 2.90400396 3.10042782 2.81744212
 2.859384   2.97541924 3.02529303 2.75633396 2.85236134 2.8515111
 3.01058865 2.90891676 3.02612436 3.00055373 2.96521743 2.85213066
 2.96459614 2.90400396 2.84160561 2.94562176 2.95719457 3.09165138
 2.8269866  2.85573691 2.9901062  3.00297636 2.7292555  3.1133717
 2.97983983 3.01190357 3.00647179 3.22716473 3.09998544 2.94306361
 2.88709011 2.96459614 2.80107643 2.78745507 3.14305302 3.00839974
 2.97676202 2.99692482 2.91231295 3.0245806  3.05194568 2.97317134
 2.92401312 3.06971707 2.86861832 2.78649777 2.96187426 3.12599909
 3.16141922 2.98127527 2.86992196 2.98824867 2.99692482 2.97683931
 2.92890525 2.87839313 2.99789031 3.12599909 3.11333212 3.2175804
 3.01126706 3.01285639 3.13211865 2.95452624]
unfair_variation: [0.71819901 0.70688889 0.70357478 0.71860952 0.72844226 0.70849328
 0.71761753 0.72072309 0.6971171  0.72510201 0.71368513 0.71184177
 0.70452926 0.7098274  0.70913493 0.72625345 0.71055363 0.71869584
 0.69861627 0.7107938  0.72641686 0.70676641 0.70519233 0.70393727
 0.71258696 0.73059468 0.70813381 0.69911324 0.69448907 0.70502532
 0.71557488 0.70889859 0.70457052 0.70585059 0.72227799 0.69882845
 0.70329165 0.71302684 0.72398622 0.68901893 0.70166648 0.69971637
 0.71491791 0.70879619 0.71129759 0.71497936 0.70896474 0.70501362
 0.71180804 0.70585059 0.70143909 0.7094299  0.71105347 0.7245854
 0.69265185 0.70205756 0.71334976 0.71320822 0.68638016 0.71999944
 0.71408937 0.714002   0.71116067 0.73376523 0.72137474 0.70579855
 0.70259206 0.71180804 0.69440597 0.68747251 0.72625345 0.71435247
 0.70896379 0.71248409 0.70774263 0.71570558 0.71782003 0.71417795
 0.70633768 0.72099824 0.7018989  0.68681806 0.71368513 0.72762834
 0.72743658 0.70763565 0.69865539 0.71340864 0.71248409 0.70579689
 0.70750622 0.70445474 0.71514121 0.72762834 0.72083467 0.73714759
 0.71386995 0.71553365 0.72929111 0.71343901]
unfair_accuracy: [0.93682073 0.93780112 0.93726891 0.9372549  0.93613445 0.93845938
 0.93673669 0.93563025 0.93810924 0.93735294 0.93627451 0.93756303
 0.93777311 0.93718487 0.93742297 0.9359944  0.93715686 0.93682073
 0.9377591  0.93780112 0.93638655 0.9372549  0.93810924 0.93703081
 0.93670868 0.93686275 0.93733894 0.93732493 0.93885154 0.93668067
 0.93669468 0.93753501 0.93595238 0.93701681 0.93710084 0.93791317
 0.93785714 0.93778711 0.93466387 0.93836134 0.93746499 0.93817927
 0.93764706 0.93704482 0.93792717 0.93666667 0.93718487 0.93628852
 0.93668067 0.93701681 0.93666667 0.937493   0.93644258 0.93620448
 0.93810924 0.93704482 0.93711485 0.93781513 0.93785714 0.93806723
 0.93852941 0.93760504 0.93794118 0.9360084  0.9379972  0.93907563
 0.93662465 0.93668067 0.93780112 0.93787115 0.9359944  0.93714286
 0.93813725 0.9360084  0.93717087 0.93697479 0.93816527 0.93668067
 0.93816527 0.93623249 0.93738095 0.94077031 0.93627451 0.93635854
 0.93747899 0.93803922 0.93745098 0.93613445 0.9360084  0.93862745
 0.93879552 0.93684874 0.93726891 0.93635854 0.93833333 0.93536415
 0.93753501 0.93703081 0.93728291 0.93652661]

discrimanted_group_losses_improvement: [0.00904222 0.01343344 0.0145273  0.01343774 0.01073476 0.01256164
 0.01180223 0.01286604 0.01525134 0.01373002 0.01091491 0.01213224
 0.01120301 0.0105045  0.0107453  0.01162294 0.01113026 0.01178842
 0.0129306  0.01173671 0.01160361 0.01079348 0.00845293 0.01025173
 0.01118509 0.01265463 0.01396665 0.01335119 0.01390127 0.01055152
 0.01189024 0.01320824 0.01580811 0.0127725  0.01167426 0.01310256
 0.01383479 0.01114291 0.01170799 0.01284569 0.00991608 0.01369362
 0.01143483 0.01057932 0.01071124 0.01141163 0.01102141 0.0107673
 0.01089868 0.0127725  0.01076511 0.01249212 0.01131761 0.01114534
 0.01099704 0.01334653 0.01261517 0.01092354 0.01202861 0.01127629
 0.01271161 0.01179546 0.01008809 0.01088036 0.01304861 0.01101923
 0.01265591 0.01089868 0.01043298 0.01406735 0.01162294 0.01355124
 0.0103479  0.01130505 0.01451766 0.01068099 0.01275888 0.01174275
 0.01084885 0.01250661 0.00947259 0.01579076 0.01091491 0.00821806
 0.0124886  0.01286578 0.00936063 0.01482502 0.01130505 0.01493626
 0.01265592 0.01280464 0.01212588 0.00821806 0.01043714 0.01363692
 0.01075181 0.01030446 0.01219038 0.01312795]
discrimanted_group_losses_improvement_mean: 0.011908209570128045
discrimanted_group_losses_improvement_std: 0.0015424884916103864

unfair_downgraded: [0.04950818 0.04989854 0.04993888 0.05012133 0.05074615 0.04819693
 0.05015438 0.05010451 0.049272   0.04960655 0.05052448 0.05018704
 0.05006977 0.04998273 0.0490204  0.05003359 0.05015712 0.04963759
 0.04961127 0.0490216  0.05071508 0.04984885 0.04911619 0.04908648
 0.05030246 0.04990874 0.04937191 0.04979304 0.04901921 0.04975447
 0.04971545 0.04906789 0.05143229 0.04878246 0.0498495  0.04901326
 0.04898978 0.04938196 0.05136931 0.04862134 0.04752809 0.04863876
 0.0502808  0.04901821 0.04970179 0.04964669 0.05012506 0.0507746
 0.04982546 0.04878246 0.04930463 0.04917499 0.0502575  0.05039718
 0.04944609 0.04932763 0.04997469 0.04906471 0.04955705 0.04912081
 0.0489407  0.04965445 0.04987212 0.05047108 0.05011807 0.04916898
 0.05033925 0.04982546 0.04950072 0.04991576 0.05003359 0.05125018
 0.04902596 0.05104526 0.0495582  0.04971625 0.04933163 0.04997262
 0.04905301 0.04966039 0.04954267 0.04786002 0.05052448 0.05008137
 0.05011657 0.04912943 0.04983517 0.04986228 0.05104526 0.04884178
 0.04928506 0.0508736  0.04901046 0.05008137 0.0496727  0.05153084
 0.04953586 0.05001829 0.0500092  0.05291822]
fair_downgraded: [0.04046596 0.0364651  0.03541157 0.03668359 0.04001139 0.03563529
 0.03835216 0.03723847 0.03402066 0.03587653 0.03960957 0.0380548
 0.03886676 0.03947823 0.0382751  0.03841065 0.03902686 0.03784917
 0.03668067 0.03728489 0.03911147 0.03905537 0.04066326 0.03883475
 0.03911737 0.03725411 0.03540526 0.03644185 0.03511794 0.03920295
 0.0378252  0.03585965 0.03562419 0.03600996 0.03817524 0.03591071
 0.03515498 0.03823905 0.03966132 0.03577565 0.03761201 0.03494514
 0.03884597 0.03843889 0.03899055 0.03823506 0.03910365 0.0400073
 0.03892677 0.03600996 0.03853951 0.03668288 0.03893989 0.03925184
 0.03844905 0.0359811  0.03735952 0.03814118 0.03752845 0.03784453
 0.03622909 0.03785898 0.03978403 0.03959072 0.03706946 0.03814975
 0.03768334 0.03892677 0.03906774 0.03584841 0.03841065 0.03769894
 0.03867806 0.03974021 0.03504054 0.03903527 0.03657275 0.03822987
 0.03820416 0.03715378 0.04007008 0.03206926 0.03960957 0.0418633
 0.03762798 0.03626365 0.04047454 0.03503727 0.03974021 0.03390552
 0.03662915 0.03806895 0.03688458 0.0418633  0.03923556 0.03789392
 0.03878405 0.03971383 0.03781882 0.03979028]
 
 unfair_downgraded_mean: 0.049751082199999984
 fair_downgraded_mean: 0.0378428729
 
