dataset for initial classifier training: compas_naive_bayesian 
classifier: lgb
number_iterations: 100
multiplier: 35
interior_classifier: knn
number_experiments: 100

fair_accuracy_mean: 0.4564394188416277
fair_diff_mean: 0.26881664692302726
fair_ratio_mean: nan
fair_var_mean: 0.8755792787555489
fair_accuracy_std: 0.08726021041114944
fair_diff_std: 0.07569744514058384
fair_ratio_std: nan
fair_var_std: 0.11347381170268335

unfair_accuracy_mean: 0.5137617513641444
unfair_diff_mean: 0.28460837390406846
unfair_ratio_mean: nan
unfair_var_mean: 0.8588247924128314
unfair_accuracy_std: 0.1116694929388982
unfair_diff_std: 0.07111113084485472
unfair_ratio_std: nan
unfair_var_std: 0.12320190822273633

(fair_accuracy-unfair_accuracy)_mean: -0.0573223325225166
(fair_accuracy-unfair_accuracy)_std: 0.0323028875193302
(fair_diff-unfair_diff)_mean: -0.01579172698104119
(fair_diff-unfair_diff)_std: 0.059053910428219836
(fair_ratio-unfair_ratio)_mean: nan
(fair_ratio-unfair_ratio)_std: nan
(fair_variation-unfair_variation)_mean: 0.016754486342717263
(fair_varitaion-unfair_variation)_std: 0.017505469575214296

fair_diff: [0.16034665 0.32309105 0.30943237 0.17277665 0.30208918 0.34637617
 0.3151383  0.39688061 0.31766771 0.30558307 0.28853447 0.26303919
 0.26337542 0.13955569 0.31251397 0.22789407 0.37728347 0.30267944
 0.22255759 0.1805651  0.33216778 0.33626179 0.24422451 0.29213438
 0.32961701 0.37728347 0.21682955 0.25129199 0.32434892 0.32630552
 0.34142468 0.20442287 0.30753262 0.35592515 0.31843919 0.33572068
 0.16437126 0.16083822 0.31884996 0.31564702 0.33189849 0.21953565
 0.32434892 0.15696899 0.23288739 0.16370505 0.15668263 0.2552679
 0.3271427  0.17684202 0.1979033  0.3049581  0.1979033  0.34840603
 0.31995906 0.16605216 0.09611398 0.2385896  0.15788902 0.15634409
 0.31139003 0.26075411 0.43948514 0.33721411 0.28678469 0.1711872
 0.30356824 0.0975787  0.16893103 0.2317438  0.20514848 0.31357853
 0.33189849 0.26128078 0.28565561 0.31262782 0.13675384 0.30540773
 0.3421411  0.3246944  0.29614783 0.29796664 0.37571056 0.15813207
 0.31394535 0.18263978 0.28818745 0.18337719 0.29184673 0.27591407
 0.27879445 0.0913765  0.36124684 0.33671299 0.1751671  0.32798738
 0.31628835 0.35125036 0.33189849 0.3088356 ]
fair_ratio: [       inf 2.04464286 2.4870317  2.19511205 2.25730659 2.98120029
 1.89372862 2.01934541 2.91964938 2.14648296 2.0739457  1.56959645
 1.66463459 2.12768932        inf 1.91519075 1.81475614 5.96775987
 1.97623124 1.83034212 3.42010309 3.00056529 1.77709708 2.44304933
 6.54755043 1.81475614 1.7830941  1.66567123 8.98198847 1.82469042
 1.92081701        nan        inf 2.41486329 1.93731454 3.81802721
 1.88463701 1.81215964 1.79167318 1.78820879 1.85542884        inf
 8.98198847 1.83702358 2.03217708 2.49472583 2.01124511 2.98206278
 2.74318182 3.20479705 1.84683521 1.73709518 1.84683521 2.2996043
 2.02074074        nan 3.11066298 1.4913392  1.79915676 1.71741004
 2.64677324 1.86460127 2.08129508 1.8656708  1.79195603 1.77799549
 1.73436037 3.26336402 1.83457623 1.9484984  1.75611252 1.86621698
 1.85542884 1.60382436        inf 1.76763263 1.67143182 2.94941711
 2.07480091 2.0377188  1.71342179 1.72010131 1.89968563 1.86388864
 2.90139517 2.58788774 1.59352526 1.85186641 1.79378982 2.1537109
 1.74766719 2.62709119 2.03106425 1.87736357 1.80977492 2.04200913
 1.77899913 1.987715   1.85542884 1.75181575]
fair_variation: [0.97514996 0.92063483 0.92916207 0.87508061 0.93068016 0.92731442
 0.91790404 0.9322586  0.93608172 0.90398439 0.92199325 0.91674714
 0.92210205 0.81550291 0.91554054 0.59172965 0.90126198 0.9299566
 0.60918997 0.96817175 0.92156195 0.91469396 0.58183273 0.9294393
 0.89641428 0.90126198 0.92326531 0.63685246 0.92244814 0.90692085
 0.92016359 0.96842105 0.92307692 0.8978632  0.92930898 0.93678947
 0.62396219 0.55082491 0.8790103  0.91388204 0.92296669 0.95652174
 0.92244814 0.91117874 0.64846059 0.8782562  0.96958337 0.93383322
 0.91296022 0.96371345 0.79234253 0.92023062 0.79234253 0.93819077
 0.92297664 0.97488789 0.86533097 0.90711892 0.57649682 0.96519224
 0.91705582 0.60038106 0.9122484  0.93527333 0.92958649 0.9574836
 0.92098861 0.8803271  0.62251835 0.65805559 0.57364274 0.93194721
 0.92296669 0.90948439 0.92974453 0.92288195 0.59919244 0.91852095
 0.92580504 0.91653966 0.92471777 0.94075    0.91611343 0.60592144
 0.92060239 0.95839443 0.9041283  0.9672427  0.92502474 0.92474429
 0.93524139 0.87321911 0.93284854 0.92044734 0.9696442  0.93665148
 0.89364219 0.90601283 0.92296669 0.9014981 ]
fair_accuracy: [0.28538558 0.49483926 0.50930248 0.32338439 0.47511669 0.51265532
 0.5066728  0.53500756 0.51350996 0.52994543 0.51088028 0.53033989
 0.48392611 0.31161659 0.60351062 0.3930708  0.57484715 0.5119979
 0.40418118 0.33396884 0.51397015 0.50239958 0.39760699 0.51725725
 0.51745447 0.57484715 0.54848465 0.38787719 0.50108474 0.51042009
 0.50529222 0.34954967 0.51613964 0.51186641 0.51462757 0.50903951
 0.41259615 0.41562027 0.52277957 0.50798764 0.50621261 0.34705148
 0.50108474 0.31378608 0.38077707 0.32588258 0.28209848 0.46972586
 0.51114325 0.33179936 0.27841694 0.51324699 0.27841694 0.49812636
 0.51416738 0.32870949 0.2771021  0.53435014 0.39911906 0.32351588
 0.51798041 0.38892906 0.56538032 0.51226086 0.47077773 0.33002432
 0.51042009 0.26835842 0.42705936 0.387417   0.39050687 0.51285254
 0.50621261 0.52409441 0.47248702 0.51699428 0.41154428 0.55795148
 0.54250214 0.50660706 0.51140622 0.51166919 0.54361975 0.39445138
 0.50759319 0.32838078 0.55045691 0.32956413 0.4795214  0.53231214
 0.47656301 0.28163829 0.49753468 0.50706725 0.33094471 0.50969693
 0.52323976 0.492867   0.50621261 0.51304977]
unfair_diff: [0.13265826 0.39578663 0.31763991 0.18300545 0.32239184 0.3459759
 0.33086557 0.37129879 0.40078535 0.32197511 0.30274214 0.39189926
 0.32428384 0.17024518 0.18907068 0.21342833 0.17957754 0.31107001
 0.20133423 0.23906525 0.31892076 0.3277877  0.34230333 0.31016572
 0.31745142 0.17957754 0.32613543 0.25705945 0.32394736 0.34121031
 0.40062819 0.28583134 0.30518356 0.32818959 0.321654   0.333428
 0.25585228 0.1858941  0.32711618 0.31870032 0.3217327  0.24284325
 0.32394736 0.16533085 0.22214562 0.19383288 0.13576563 0.31396704
 0.32875992 0.24118249 0.30914361 0.31326134 0.30914361 0.31482474
 0.32256376 0.24027724 0.08120275 0.31324109 0.19620095 0.22057381
 0.31826861 0.20152077 0.19355416 0.32755982 0.38876189 0.23075304
 0.31707816 0.08856491 0.24849661 0.2224242  0.3038219  0.31668665
 0.3217327  0.30834261 0.30408123 0.32584076 0.16209896 0.33030317
 0.32906132 0.31273399 0.29975617 0.31790109 0.33092567 0.28885534
 0.32663668 0.24370088 0.31850232 0.24247176 0.3254553  0.32278644
 0.3541314  0.08617944 0.3153967  0.38490378 0.22498199 0.31376991
 0.31958311 0.39311636 0.3217327  0.31628839]
unfair_ratio: [       nan 2.38541667 1.59754351 2.06007757 2.00649475 1.66975579
 2.36716078 1.887629   6.25639153 3.10585586 1.54989883 2.85381479
 2.01240135 2.22213534 1.33809792 2.00037722 1.42328425 3.72984992
 1.8174152         inf 3.42010309 3.00056529 1.88707544 1.67959641
 1.58126813 1.42328425 1.92025518 1.75108591 2.99399616 1.65606837
 1.8901559         nan        inf 2.83086758 1.80662455 3.24532313
 1.83134491 1.76501309 1.61129047 2.32951289 2.1782646         inf
 2.99399616 2.4510514  2.06450957 1.99183342        inf 4.84585202
 1.81534091 2.04547828 2.31691896 1.79032646 2.31691896 1.58390057
 2.02074074        nan 2.05426404 2.65054379 1.92391098 1.93854898
 1.98507993 1.92109594 2.49773628 1.60653495 1.84651165 1.9790487
 1.75824176 2.31009229 1.83502031 1.84413227 1.87752817 1.58264268
 2.1782646  1.56354257 8.32643406 2.09899459 1.74188444 1.8769018
 1.93648085 1.90336372 1.54260374 1.59836624 2.35726496 1.95588451
 1.61929171 2.58788774 1.59152611 2.05179949 1.80073335 2.12837313
 1.84163696 2.14040196 1.77660898 1.83634216        inf 1.58277929
 2.30028653 2.74348811 2.1782646  1.5818416 ]
unfair_variation: [0.97086547 0.91163672 0.90169632 0.86745016 0.91475351 0.91677281
 0.90804457 0.91642977 0.93192067 0.90981761 0.89572246 0.91145305
 0.92129307 0.81784895 0.89153895 0.56621636 0.8920755  0.9213167
 0.51641542 0.96056091 0.90885009 0.89327869 0.56423197 0.91104465
 0.88910426 0.8920755  0.91885224 0.59936586 0.90120269 0.89000866
 0.9178328  0.96403509 0.89597902 0.912356   0.91062659 0.9178566
 0.57076485 0.51961868 0.90042427 0.89544369 0.9139251  0.94434783
 0.90120269 0.92645699 0.55333521 0.84636389 0.96929825 0.91106455
 0.89953484 0.95593054 0.77482191 0.89714658 0.77482191 0.91392881
 0.91417383 0.96950673 0.83212003 0.90062352 0.5623099  0.9643204
 0.90471014 0.56564356 0.89530011 0.91148331 0.91037059 0.94455256
 0.91367754 0.85230373 0.56265409 0.60003589 0.56770581 0.89446997
 0.9139251  0.88824657 0.91717298 0.89667738 0.56795287 0.91155231
 0.90469335 0.8884794  0.8987277  0.92911986 0.90011324 0.58882737
 0.89142091 0.95036589 0.90320151 0.95112047 0.90998975 0.91251019
 0.91788028 0.8453346  0.9208107  0.91833343 0.96209386 0.90595075
 0.91640827 0.90228207 0.9139251  0.89044135]
unfair_accuracy: [0.3026757  0.57879166 0.59857998 0.33442903 0.51061732 0.60120965
 0.5975281  0.54289659 0.58569456 0.62395635 0.60061797 0.58128986
 0.51081454 0.33041878 0.66162645 0.4312011  0.65577543 0.60521991
 0.43113536 0.36960095 0.61080797 0.59535862 0.41897311 0.60410229
 0.60456249 0.65577543 0.60403655 0.42370653 0.59772533 0.59950036
 0.57701663 0.41088686 0.60778384 0.60673197 0.60706068 0.60259023
 0.42712511 0.43087239 0.60337913 0.59969759 0.51094603 0.36644534
 0.59772533 0.33087897 0.40095983 0.34271251 0.29748209 0.5115377
 0.60686345 0.36697127 0.30668595 0.60278746 0.30668595 0.60213004
 0.60199855 0.36578792 0.28814674 0.61061074 0.41818421 0.36210637
 0.60732365 0.42337782 0.65215962 0.60863849 0.57846295 0.36572217
 0.60351062 0.27986326 0.43718362 0.42324633 0.41312208 0.60633752
 0.51094603 0.60068372 0.51324699 0.60495694 0.42771678 0.60469397
 0.60042075 0.60107817 0.60456249 0.59805404 0.61711919 0.42640195
 0.5947012  0.36401289 0.59785681 0.36296102 0.51817763 0.60416804
 0.5383604  0.29097364 0.51390441 0.57859444 0.36269805 0.5995661
 0.60554862 0.57885741 0.51094603 0.60660049]

discrimanted_group_losses_improvement: [0.07837583 0.02550415 0.01905882 0.07259593 0.02591409 0.0155789
 0.0212766  0.01309271 0.02172623 0.0149131  0.01640699 0.01660386
 0.02687478 0.07574134 0.00367125 0.05478322 0.00522007 0.01770759
 0.04783841 0.06663516 0.0147632  0.01668442 0.04579615 0.01681667
 0.01532296 0.00522007 0.01464509 0.05852266 0.02172356 0.01586555
 0.01894612 0.06222695 0.01485619 0.0158655  0.01652893 0.01832243
 0.05397659 0.04786103 0.01375548 0.01575643 0.01772631 0.06681753
 0.02172356 0.07050823 0.04608132 0.06803533 0.07519242 0.03806269
 0.02041301 0.06846227 0.07647959 0.02088989 0.07647959 0.02113763
 0.01313299 0.06768838 0.0368185  0.01698539 0.05054367 0.07046742
 0.01841063 0.05234356 0.00546059 0.01887016 0.0295865  0.0680361
 0.01917808 0.0323547  0.05120412 0.05862272 0.04754547 0.01732673
 0.01772631 0.01607143 0.02906364 0.01875885 0.05661488 0.00922968
 0.01308745 0.02149133 0.01688312 0.01640719 0.00654762 0.05815468
 0.01551683 0.06799434 0.01552133 0.066233   0.03056206 0.01306343
 0.03315571 0.04246285 0.02892023 0.02049711 0.06661992 0.01770017
 0.01741087 0.02380388 0.01772631 0.01711433]
discrimanted_group_losses_improvement_mean: 0.03279898614004831
discrimanted_group_losses_improvement_std: 0.02190092559116592

unfair_downgraded: [0.10457979 0.10320285 0.10447059 0.10705827 0.09915986 0.10149888
 0.10460002 0.10450578 0.1053069  0.10310005 0.10764873 0.10574659
 0.10409576 0.11087293 0.10279488 0.10497172 0.1051133  0.10253649
 0.1021734  0.10337902 0.09956301 0.10590463 0.10216064 0.1011369
 0.10195662 0.1051133  0.10062596 0.10752944 0.10479828 0.10436009
 0.1036116  0.09942142 0.10328025 0.10513853 0.10377804 0.10113028
 0.10580368 0.1036398  0.10636784 0.10200213 0.10883952 0.10814674
 0.10479828 0.10081126 0.09558044 0.10814037 0.09804618 0.10605704
 0.10431996 0.10346464 0.10295329 0.10881624 0.10295329 0.09785061
 0.10269759 0.10344828 0.10396507 0.10084333 0.10192377 0.10481586
 0.1055698  0.10325958 0.10375119 0.10586281 0.1043251  0.1066255
 0.10244193 0.10305572 0.10252513 0.10417893 0.1030548  0.09700613
 0.10883952 0.10666667 0.10547287 0.10264276 0.10310734 0.1037747
 0.10743605 0.10555687 0.09940968 0.10179641 0.10214286 0.10600497
 0.10551444 0.10381805 0.10663507 0.10266115 0.10444965 0.10309521
 0.10905861 0.10875206 0.10382838 0.10307457 0.1013324  0.10513186
 0.10375459 0.10800568 0.10883952 0.10280485]
fair_downgraded: [0.02620397 0.0776987  0.08541176 0.03446234 0.07324577 0.08591998
 0.08332343 0.09141307 0.08358067 0.08818694 0.09124174 0.08914272
 0.07722098 0.03513159 0.09912364 0.0501885  0.09989323 0.08482891
 0.05433499 0.03674386 0.08479981 0.08922021 0.05636449 0.08432023
 0.08663366 0.09989323 0.08598087 0.04900678 0.08307472 0.08849454
 0.08466548 0.03719447 0.08842406 0.08927303 0.08724911 0.08280785
 0.05182708 0.05577878 0.09261236 0.08624571 0.09111321 0.0413292
 0.08307472 0.03030303 0.04949912 0.04010504 0.02285376 0.06799434
 0.08390695 0.03500237 0.0264737  0.08792635 0.0264737  0.07671298
 0.0895646  0.0357599  0.06714657 0.08385794 0.05138009 0.03434844
 0.08715917 0.05091601 0.0982906  0.08699264 0.07473859 0.03858941
 0.08326385 0.07070102 0.05132102 0.04555621 0.05550933 0.0796794
 0.09111321 0.09059524 0.07640923 0.08388391 0.04649247 0.09454502
 0.0943486  0.08406554 0.08252656 0.08538922 0.09559524 0.04785029
 0.08999761 0.03582371 0.09111374 0.03642815 0.07388759 0.09003178
 0.0759029  0.06628922 0.07490814 0.08257745 0.03471248 0.08743169
 0.08634372 0.0842018  0.09111321 0.08569052]
