dataset for initial classifier training: 200 
classifier: LGBMClassifier()
number_iterations: 10
multiplier:25
interior_classifier: knn
fair_diff: [0.08917628 0.10827341 0.11147545 0.06840991 0.07147954 0.02770907
 0.07309991 0.10819308 0.0338156  0.02807876 0.02381059 0.10396747
 0.08238889 0.07167233 0.06794366 0.10690208 0.07075014 0.07873328
 0.06138999 0.08749925 0.06866898 0.08739389 0.14166069 0.04720473
 0.09359454 0.07413106 0.08034184 0.03153216 0.1427046  0.07120384
 0.07885535 0.0765667  0.07901723 0.02933336 0.09725162 0.08034308
 0.07016964 0.03721536 0.05998569 0.07655062 0.06832908 0.07938131
 0.21553742 0.03571907 0.04561977 0.08187199 0.08376419 0.02661763
 0.05770148 0.09734525 0.05404322 0.06981023 0.06157606 0.07922325
 0.05843917 0.04875499 0.11820203 0.06952471 0.01775934 0.17320718
 0.09360937 0.05746203 0.04245548 0.11767008 0.05262975 0.08314064
 0.04944108 0.03738753 0.08288047 0.05933883 0.0689684  0.05047722
 0.0891928  0.09282509 0.10301271 0.0489604  0.05953054 0.08539741
 0.06668372 0.01604507 0.03396551 0.04508235 0.04167383 0.06554995
 0.06406517 0.06121452 0.10063384 0.07856664 0.02709777 0.06985664
 0.07661166 0.01636472 0.05397498 0.06086478 0.03435942 0.05023507
 0.01477143 0.10274852 0.06619149 0.0441946 ]
fair_ratio: [1.1125233  1.1386743  1.13746551 1.09931954 1.086228   1.0368708
 1.10234941 1.14503795 1.04508006 1.03003507 1.02576509 1.13073753
 1.12008097 1.0846672  1.07847786 1.14532211 1.0874988  1.09494436
 1.08075461 1.11838133 1.09122908 1.11199483 1.22918717 1.05974651
 1.11477003 1.09931543 1.12227545 1.03828216 1.19208    1.10371654
 1.10529358 1.09973628 1.10339996 1.03695402 1.12289279 1.09388357
 1.08598136 1.04622393 1.07995584 1.11323438 1.0934914  1.09395217
 1.32436863 1.04632826 1.05705194 1.12006713 1.10395427 1.0309759
 1.07014493 1.13061359 1.07170701 1.0833887  1.07408922 1.1152888
 1.08144315 1.06012561 1.16295891 1.08980449 1.02195522 1.24462703
 1.1192908  1.07679915 1.04864691 1.14881607 1.066154   1.12373713
 1.05730931 1.04433597 1.11413525 1.07030821 1.09939118 1.06699315
 1.10698068 1.13080199 1.12314026 1.06482345 1.07934968 1.11722388
 1.08742228 1.01986532 1.04269419 1.05797428 1.05089281 1.0922947
 1.07709411 1.07259255 1.12133897 1.1123481  1.03126665 1.08598982
 1.09804498 1.01860561 1.05924285 1.07252876 1.04045545 1.06412988
 1.01752668 1.13810285 1.08858484 1.06008996]
fair_variation: [0.09652268 0.32673599 0.22906967 0.26197157 0.10528185 0.1885324
 0.23558595 0.10819308 0.13990954 0.23594617 0.16687574 0.10508493
 0.25776891 0.13646217 0.19479587 0.15962581 0.10312496 0.12401979
 0.28530345 0.17226781 0.1759287  0.12206374 0.31915445 0.09713189
 0.12593754 0.16149335 0.28923064 0.03153216 0.1427046  0.27750534
 0.19075001 0.12564821 0.14230458 0.15366805 0.09725162 0.1390937
 0.16228206 0.123598   0.21745497 0.27747451 0.19284097 0.31804904
 0.24090282 0.16016682 0.24037397 0.2403371  0.18192838 0.04012015
 0.07827942 0.37996579 0.1548517  0.08347509 0.15621262 0.28324492
 0.24005322 0.12717921 0.19596744 0.15906134 0.20875193 0.21164195
 0.0979711  0.20894458 0.26103253 0.11767008 0.11116145 0.30776325
 0.23536047 0.27904988 0.19042844 0.15087276 0.2373083  0.21811151
 0.19155594 0.23441473 0.13765222 0.14503457 0.17764005 0.18349769
 0.18145166 0.03463327 0.21563306 0.18131039 0.05857057 0.19572098
 0.09587195 0.17072947 0.21639218 0.2486681  0.21442365 0.11966849
 0.09731199 0.21508241 0.21709147 0.08277699 0.07894636 0.125
 0.06908919 0.19802204 0.13050473 0.18625275]
fair_accuracy: [0.83184 0.81432 0.81728 0.8392  0.84    0.82176 0.83072 0.82032 0.83376
 0.85896 0.85368 0.85432 0.8404  0.84224 0.82864 0.84888 0.83496 0.85048
 0.81176 0.84904 0.85048 0.84272 0.8188  0.82224 0.85992 0.83336 0.8408
 0.84392 0.82584 0.83248 0.83048 0.8512  0.82936 0.84544 0.84912 0.85936
 0.83136 0.83464 0.84392 0.84776 0.81808 0.83376 0.83304 0.84392 0.8264
 0.82096 0.84304 0.86272 0.84056 0.8     0.84888 0.85184 0.8464  0.82456
 0.86424 0.83992 0.83872 0.84544 0.82488 0.84192 0.84448 0.8356  0.83384
 0.8488  0.84872 0.82896 0.82704 0.79912 0.85032 0.82776 0.8324  0.80512
 0.83768 0.85464 0.84904 0.818   0.85648 0.83496 0.83952 0.82872 0.83384
 0.85128 0.85048 0.84072 0.83896 0.84592 0.84216 0.80672 0.8472  0.84032
 0.83072 0.85072 0.81952 0.84664 0.82968 0.85096 0.83568 0.84648 0.82752
 0.8416 ]
unfair_diff: [0.10434468 0.10586486 0.13151031 0.05032359 0.08719617 0.02556596
 0.06972525 0.1001273  0.03132165 0.03789434 0.02549354 0.11260321
 0.10753704 0.06040863 0.085318   0.10654724 0.1079737  0.08824778
 0.09735725 0.08887572 0.0830152  0.10259513 0.1188299  0.04875546
 0.0846634  0.10914816 0.07456295 0.02849912 0.13715278 0.09463423
 0.07472932 0.08360135 0.08379005 0.02953874 0.09620228 0.11733821
 0.06479347 0.05167544 0.0654241  0.07573048 0.07792372 0.10191574
 0.27508761 0.04264675 0.04181843 0.08154246 0.0915926  0.03727477
 0.05674773 0.0550852  0.05436426 0.08584593 0.08223655 0.1411764
 0.07895299 0.06115197 0.14929722 0.09660162 0.0217079  0.20252676
 0.09778991 0.06316251 0.04815725 0.11401585 0.06252935 0.09240503
 0.04543991 0.03890957 0.0999443  0.06467014 0.07628817 0.08045377
 0.13062458 0.09191438 0.1018851  0.07401536 0.09868544 0.08360956
 0.0836364  0.02546924 0.04711281 0.03847292 0.03527682 0.06758647
 0.07268259 0.06933188 0.10418098 0.08129831 0.02278439 0.09930495
 0.08766975 0.02116457 0.04017943 0.07872267 0.03545013 0.0523051
 0.02183041 0.08935493 0.09019051 0.06819175]
unfair_ratio: [1.13512979 1.14248082 1.17182449 1.06147486 1.10639029 1.03366342
 1.10350219 1.12574126 1.04156418 1.04360555 1.03069349 1.13877156
 1.17909021 1.06987541 1.10147019 1.15014108 1.14332855 1.10438479
 1.13877833 1.10990242 1.10565571 1.13901673 1.16960037 1.06240584
 1.09916614 1.14994021 1.11025501 1.03465347 1.17913832 1.13220389
 1.10250438 1.1069951  1.11441275 1.03784472 1.11644963 1.14955674
 1.07555639 1.06637335 1.09123401 1.11524203 1.11362986 1.13159556
 1.48664092 1.05701395 1.05258034 1.11110501 1.11189351 1.04490783
 1.06769056 1.09482578 1.07257133 1.1108436  1.1034     1.22967177
 1.10283706 1.07943527 1.21781678 1.12760153 1.02720205 1.31554134
 1.11876465 1.07245269 1.05593607 1.13678201 1.08192411 1.13476286
 1.05350743 1.04199605 1.13582174 1.07510081 1.10643605 1.09853226
 1.16875672 1.11242466 1.11648825 1.10256625 1.14381962 1.10679582
 1.11442078 1.03138928 1.06043175 1.04956138 1.04255873 1.09064272
 1.08736253 1.08616001 1.12826978 1.1224271  1.02638335 1.13020796
 1.11683361 1.0242746  1.0431527  1.09748879 1.04123513 1.06619255
 1.02665937 1.11289316 1.12683993 1.09252573]
unfair_variation: [0.10434468 0.33642532 0.14365186 0.20305485 0.13729227 0.20343153
 0.28150602 0.1080815  0.14160697 0.22846555 0.15208776 0.11260321
 0.35889843 0.15998954 0.17199395 0.19141943 0.1290778  0.15797676
 0.29159358 0.11292328 0.11260661 0.21194431 0.24151042 0.07248861
 0.14431347 0.18236718 0.25926695 0.04234084 0.13715278 0.2402496
 0.21500354 0.11698053 0.18842497 0.13892237 0.15359446 0.14105818
 0.16927092 0.14185716 0.21210567 0.29884132 0.26177614 0.24082512
 0.38086422 0.18459475 0.22441119 0.17819878 0.1676721  0.04371147
 0.10687459 0.41757288 0.16763252 0.16592902 0.13085622 0.36736861
 0.17746353 0.13796747 0.2625953  0.17571619 0.18693375 0.29161663
 0.15674597 0.18856033 0.23766368 0.16252799 0.17243034 0.27736232
 0.20677062 0.26767621 0.17371046 0.1728675  0.20725065 0.13598433
 0.14329068 0.14114281 0.2300446  0.18561042 0.24570626 0.11140527
 0.22394348 0.03418195 0.23209035 0.18701691 0.04302609 0.15111925
 0.1155459  0.13789406 0.18099861 0.29219211 0.21472733 0.15725957
 0.12239573 0.21894004 0.24295996 0.07872267 0.09543738 0.10054466
 0.08428278 0.1335804  0.15815855 0.16954343]
unfair_accuracy: [0.83144 0.80336 0.82816 0.8428  0.8332  0.82192 0.82472 0.82952 0.83648
 0.85768 0.86256 0.8544  0.83072 0.83416 0.83056 0.84736 0.82872 0.8504
 0.8028  0.846   0.84792 0.84488 0.82672 0.82952 0.85872 0.83184 0.8432
 0.8448  0.8288  0.83896 0.82336 0.85304 0.82344 0.84784 0.85144 0.86656
 0.8436  0.8288  0.8484  0.84024 0.80872 0.83744 0.83224 0.8448  0.826
 0.82168 0.8484  0.85872 0.84432 0.80624 0.8476  0.84616 0.85368 0.81128
 0.86808 0.84536 0.82208 0.84232 0.82544 0.83464 0.84672 0.83816 0.83592
 0.85624 0.84096 0.82824 0.82576 0.80104 0.852   0.82864 0.83088 0.82224
 0.84    0.858   0.84928 0.82288 0.8544  0.8456  0.83416 0.83088 0.83048
 0.84912 0.84456 0.85056 0.84048 0.84032 0.84376 0.7964  0.84568 0.8356
 0.82296 0.85056 0.81576 0.84512 0.83216 0.8524  0.83832 0.83904 0.8116
 0.84408]