dataset for initial classifier training: 200 
classifier: LGBMClassifier()
number_iterations: 10
multiplier:20
interior_classifier: rf
fair_diff: [0.01527957 0.01864019 0.11540791 0.03186891 0.15777128 0.08759995
 0.05185665 0.02337904 0.02895167 0.03672441 0.03348422 0.0534158
 0.01722145 0.03647823 0.01486982 0.08463462 0.09695821 0.05467452
 0.17687189 0.05029189 0.04833293 0.00856198 0.08671962 0.02570069
 0.02838369 0.01153804 0.05207709 0.13534691 0.02098502 0.04724193
 0.05431692 0.03226766 0.07542624 0.01265838 0.02444225 0.01820881
 0.05093484 0.03532964 0.03880897 0.0094565  0.05484347 0.05997417
 0.00735674 0.02568208 0.02019836 0.02054642 0.08121609 0.07108621
 0.01420596 0.05675338 0.04282978 0.05428621 0.02783488 0.01429442
 0.04229015 0.0309054  0.07106916 0.0145741  0.05799035 0.01964695
 0.06413412 0.03556191 0.01133707 0.01703249 0.06863899 0.01781206
 0.11637026 0.01946728 0.03337258 0.06933972 0.02905685 0.07001188
 0.13492146 0.08640393 0.03050806 0.11143157 0.03901653 0.05913286
 0.04153139 0.02259536 0.08748979 0.05212466 0.02208618 0.01088007
 0.03029578 0.02911958 0.03496004 0.0085722  0.06344029 0.10429263
 0.05283    0.06620107 0.04288871 0.06502203 0.01238222 0.06750491
 0.04342307 0.02414716 0.02523524 0.06792869]
fair_ratio: [1.02327994 1.02572222 1.16662067 1.04118594 1.27289822 1.12135827
 1.06834424 1.02840307 1.03407853 1.04725314 1.05071302 1.08029675
 1.02002876 1.04880791 1.01775064 1.12358779 1.13613647 1.07628219
 1.35787309 1.06182859 1.06128283 1.01221613 1.10044537 1.03720297
 1.03530738 1.01324714 1.06537803 1.17960156 1.02724371 1.0575718
 1.07649813 1.03657691 1.10335816 1.01575348 1.02994994 1.02284058
 1.07201015 1.04833853 1.04818323 1.01123232 1.08129418 1.06882228
 1.00807465 1.03543303 1.02504124 1.02473595 1.11280012 1.10044363
 1.01858598 1.07114588 1.04929466 1.06954046 1.04361579 1.01738908
 1.0571541  1.03892076 1.09115204 1.0182547  1.08237729 1.02385868
 1.07663918 1.04671593 1.01458884 1.02410977 1.09689418 1.02113834
 1.15710734 1.02388462 1.03645072 1.09870321 1.03430689 1.09549176
 1.18598487 1.10683592 1.0382878  1.16159492 1.05379391 1.09086792
 1.05974843 1.02806023 1.10949384 1.06647644 1.02794146 1.01154901
 1.03493374 1.03203001 1.0425139  1.01075707 1.07643097 1.14352878
 1.0656287  1.09071665 1.0626835  1.09169774 1.01930249 1.08360407
 1.0558836  1.03248237 1.03407666 1.09314396]
fair_variation: [0.278599   0.18459268 0.26422964 0.13835847 0.3790816  0.19507388
 0.14463383 0.10045033 0.13147793 0.11569023 0.27822335 0.28206554
 0.03709499 0.19023745 0.03354814 0.24330669 0.24834458 0.1830255
 0.4779114  0.16684855 0.09748859 0.19707373 0.26504241 0.25526426
 0.22665197 0.09997499 0.0808602  0.16717347 0.08049019 0.07967645
 0.30896075 0.23197513 0.18569029 0.1174978  0.0989638  0.08349054
 0.24250731 0.13885412 0.0710334  0.06931348 0.26669178 0.21489723
 0.18131517 0.2090781  0.0918782  0.0631813  0.1925239  0.23237423
 0.12056831 0.07080437 0.18582101 0.35032346 0.32691578 0.1339839
 0.19924417 0.12103493 0.15516882 0.10250859 0.20339395 0.08371154
 0.1529987  0.12125117 0.0994195  0.25598973 0.22444799 0.18511973
 0.19623598 0.06320191 0.26406011 0.23150538 0.18840825 0.19781529
 0.20085736 0.16912344 0.10420991 0.24670804 0.18270547 0.30906747
 0.23346721 0.15437804 0.15631589 0.07554189 0.13317628 0.25728499
 0.1600581  0.15478346 0.13067957 0.05757667 0.07179078 0.16290835
 0.08856205 0.18306151 0.25518341 0.23245198 0.28896919 0.07657282
 0.14102989 0.17849022 0.14993303 0.19450382]
fair_accuracy: [0.83576 0.83824 0.81152 0.82656 0.82304 0.79768 0.84344 0.8248  0.84296
 0.8472  0.8328  0.81568 0.85544 0.83824 0.8396  0.83856 0.83928 0.82168
 0.82136 0.8452  0.84784 0.83112 0.79648 0.834   0.83352 0.84616 0.82952
 0.8512  0.82152 0.82984 0.79408 0.84752 0.84424 0.8504  0.85152 0.84064
 0.854   0.81288 0.83672 0.85216 0.84048 0.8424  0.84032 0.8356  0.85016
 0.83912 0.85088 0.82832 0.83944 0.83912 0.82824 0.79512 0.83056 0.82952
 0.82936 0.84496 0.83008 0.85576 0.84112 0.82608 0.83192 0.84144 0.828
 0.82272 0.80832 0.82896 0.85264 0.84272 0.82896 0.83312 0.82608 0.84608
 0.84032 0.8112  0.8448  0.84376 0.84808 0.83176 0.8524  0.83536 0.8172
 0.83408 0.8516  0.83008 0.84008 0.86416 0.83248 0.83264 0.84712 0.83448
 0.85536 0.85144 0.81912 0.82952 0.81968 0.83144 0.83552 0.85848 0.84184
 0.84536]
unfair_diff: [0.0104625  0.02321431 0.15094388 0.03222069 0.13601782 0.08764839
 0.0472415  0.01540235 0.01467121 0.03821564 0.03242311 0.06048871
 0.01222849 0.03776377 0.0139861  0.06472659 0.08465526 0.05205834
 0.16977186 0.05264479 0.04996426 0.00979903 0.09351307 0.02370795
 0.03132396 0.01449094 0.05057107 0.13904095 0.0216174  0.0611464
 0.03482116 0.03226766 0.07659171 0.00319139 0.02142554 0.01047295
 0.03105406 0.03487063 0.03086458 0.00987764 0.06126576 0.06158854
 0.00828306 0.01609436 0.02241171 0.02350126 0.0755007  0.05589985
 0.01545596 0.06092848 0.05469007 0.06124588 0.02563106 0.01800028
 0.04319155 0.02744005 0.04954503 0.0174738  0.03615463 0.01662913
 0.06229764 0.03266852 0.01332032 0.02282201 0.06150216 0.01853781
 0.113051   0.01806374 0.02335668 0.07115312 0.02648314 0.08176497
 0.10286901 0.07668229 0.02877133 0.08649265 0.05668241 0.0723668
 0.05207589 0.02008004 0.08978708 0.03064453 0.03030237 0.01318303
 0.02466463 0.02809712 0.0269139  0.00720225 0.06624708 0.09348537
 0.06023366 0.06671434 0.04244118 0.06415094 0.01619686 0.05556047
 0.03923811 0.02165409 0.01436035 0.04539909]
unfair_ratio: [1.0158821  1.03124014 1.25161323 1.04281907 1.20455468 1.11384093
 1.06083769 1.02064404 1.01695525 1.04944989 1.04868138 1.08844568
 1.01429706 1.0516457  1.01677354 1.08864453 1.11160289 1.07405226
 1.29525541 1.06566745 1.06418832 1.01102587 1.12731836 1.03484052
 1.03917884 1.01874614 1.06485142 1.19838538 1.02829517 1.07306803
 1.04647934 1.03657691 1.09555596 1.00401701 1.02670891 1.01328106
 1.04081997 1.0478043  1.03564185 1.01184857 1.08652445 1.06963207
 1.00912008 1.02152868 1.02806428 1.0277694  1.09979138 1.07369272
 1.01853336 1.07844917 1.06903447 1.08010276 1.02938433 1.02355177
 1.05875761 1.03440652 1.06010475 1.02173064 1.0483658  1.02036322
 1.07377166 1.04264427 1.01713068 1.03275719 1.08845154 1.02225618
 1.15961037 1.02217616 1.02541008 1.09753573 1.03055076 1.1189047
 1.12972062 1.09173943 1.034503   1.10895142 1.08130772 1.1072326
 1.07273701 1.02507266 1.11628712 1.04033801 1.03968972 1.01397937
 1.02836298 1.0359511  1.03196808 1.00909339 1.07871354 1.12062445
 1.07232891 1.09558431 1.06211873 1.08734558 1.02616794 1.06683822
 1.04948349 1.02690095 1.01930315 1.05249499]
unfair_variation: [0.27457244 0.15465106 0.37102856 0.1653236  0.2763475  0.22512694
 0.12548019 0.12993318 0.16251528 0.11416235 0.27246519 0.25968881
 0.03419083 0.20883031 0.02596308 0.17996909 0.18662594 0.19911313
 0.38801633 0.17461602 0.10630821 0.2034905  0.27964594 0.2660943
 0.23245528 0.11046754 0.09839359 0.23397067 0.09341831 0.11260894
 0.3236098  0.18809209 0.11085162 0.12902628 0.10952137 0.10259651
 0.17173295 0.1422252  0.12145321 0.084052   0.22239884 0.22956137
 0.17537542 0.17609774 0.10519516 0.06021101 0.1470466  0.17284769
 0.09372357 0.0966111  0.18057653 0.33477034 0.29281064 0.12641956
 0.20409619 0.12181487 0.12794759 0.09910186 0.13404163 0.07890385
 0.17505597 0.11687874 0.10139439 0.26718795 0.24492967 0.16992363
 0.24106091 0.06038446 0.28558943 0.19431519 0.18487171 0.25110552
 0.12414869 0.17732944 0.0641224  0.16703671 0.21422163 0.28006583
 0.20365743 0.14039716 0.11920849 0.10295459 0.16532561 0.26835105
 0.15615105 0.1610583  0.12800098 0.05782453 0.11091275 0.10573117
 0.06023366 0.22098115 0.25570804 0.19559336 0.3239131  0.11102421
 0.12705895 0.15664366 0.15111455 0.13897917]
unfair_accuracy: [0.83744 0.84136 0.80712 0.8248  0.8348  0.80896 0.84184 0.82624 0.8432
 0.84688 0.83392 0.82344 0.85776 0.838   0.84072 0.84544 0.84912 0.824
 0.83816 0.8428  0.84656 0.826   0.78792 0.83232 0.83208 0.84472 0.82976
 0.85096 0.82472 0.83256 0.80064 0.84912 0.83984 0.84888 0.84992 0.83968
 0.8624  0.81344 0.83816 0.85024 0.84456 0.8404  0.83888 0.83864 0.84952
 0.83752 0.85072 0.83656 0.8364  0.84152 0.83264 0.79592 0.83344 0.82848
 0.82904 0.84296 0.83336 0.85712 0.83952 0.8248  0.82752 0.84112 0.82544
 0.8236  0.81144 0.82704 0.84936 0.84336 0.82984 0.83392 0.82296 0.8428
 0.84088 0.81136 0.8484  0.84816 0.846   0.83872 0.8552  0.83576 0.82464
 0.82688 0.85016 0.82944 0.842   0.86432 0.83368 0.83088 0.84824 0.83488
 0.85784 0.8472  0.82    0.8316  0.8172  0.83112 0.83624 0.85888 0.84088
 0.85088]