dataset for initial classifier training: compas 
classifier: knn
number_iterations: 100
multiplier: 35
interior_classifier: knn
number_experiments: 100

fair_accuracy_mean: 0.8259312339754125
fair_diff_mean: 0.14977323870919404
fair_ratio_mean: 1.3321064528607391
fair_var_mean: 0.502870869773536
fair_accuracy_std: 0.0033560207682201966
fair_diff_std: 0.018424267560417328
fair_ratio_std: 0.048108388955069144
fair_var_std: 0.01567766190376506

unfair_accuracy_mean: 0.8323193741371375
unfair_diff_mean: 0.14556412526439327
unfair_ratio_mean: 1.3555011242464337
unfair_var_mean: 0.5720344831461537
unfair_accuracy_std: 0.0029172531920929378
unfair_diff_std: 0.01507404296490957
unfair_ratio_std: 0.0535551416935865
unfair_var_std: 0.014286588048360629

(fair_accuracy-unfair_accuracy)_mean: -0.006388140161725073
(fair_accuracy-unfair_accuracy)_std: 0.002385897542781332
(fair_diff-unfair_diff)_mean: 0.004209113444800773
(fair_diff-unfair_diff)_std: 0.015045560942490183
(fair_ratio-unfair_ratio)_mean: -0.023394671385694846
(fair_ratio-unfair_ratio)_std: 0.03654492419175615
(fair_variation-unfair_variation)_mean: -0.06916361337261798
(fair_varitaion-unfair_variation)_std: 0.01143289320596332

fair_diff: [0.13487606 0.1623486  0.15962984 0.14830249 0.16686788 0.1787167
 0.14350661 0.16361153 0.17688734 0.15510282 0.13565903 0.21021204
 0.1439857  0.1306832  0.13279925 0.14208777 0.13941309 0.13034911
 0.13377981 0.14097989 0.14202215 0.15777605 0.15289445 0.12755803
 0.14257814 0.15109786 0.13662324 0.16840625 0.12509603 0.14118786
 0.11604854 0.17783749 0.15625507 0.15011788 0.11822847 0.15694541
 0.13876553 0.13174124 0.13141692 0.13910348 0.14599032 0.12961765
 0.13018457 0.14204111 0.15746467 0.18878471 0.17664934 0.14852163
 0.14339488 0.11260872 0.14859396 0.15000073 0.13314472 0.17182481
 0.15777605 0.1851316  0.17290503 0.13113763 0.11762066 0.16341187
 0.15888864 0.16749681 0.15119207 0.17290503 0.14770152 0.13776092
 0.14484074 0.18329381 0.17671958 0.15806248 0.17320076 0.14123392
 0.13306206 0.12810969 0.14204111 0.11762066 0.18878471 0.15225821
 0.13943407 0.15373372 0.17970564 0.14597344 0.18730686 0.15517798
 0.1585298  0.13838991 0.13516359 0.14689857 0.15102151 0.15659972
 0.13107113 0.1458198  0.15701798 0.12776656 0.15293869 0.14229189
 0.14257249 0.13994722 0.16649059 0.14999645]
fair_ratio: [1.29866921 1.35680441 1.35430039 1.33755044 1.37136284 1.41449531
 1.31499249 1.37689586 1.41411328 1.24431491 1.28670888 1.47835079
 1.31247961 1.28810686 1.30326441 1.30913084 1.32014272 1.29464557
 1.29627229 1.30835227 1.31361285 1.37277935 1.34483114 1.27798581
 1.32538872 1.33806239 1.29388893 1.37946084 1.26981497 1.31445323
 1.25516034 1.38614559 1.34023282 1.33665049 1.2468483  1.37227018
 1.30440385 1.27925151 1.28539827 1.31303759 1.3175002  1.29131887
 1.27265445 1.3172563  1.35748003 1.43194429 1.40729117 1.32774725
 1.31332    1.23480116 1.31509881 1.33908959 1.28577404 1.39554892
 1.37277935 1.43504391 1.3842334  1.2726799  1.24087694 1.38311324
 1.34919738 1.3611073  1.34902306 1.3842334  1.32508248 1.30701006
 1.3322817  1.41150068 1.36474259 1.34632799 1.39122995 1.31720498
 1.30481275 1.27532523 1.3172563  1.24087694 1.43194429 1.34519792
 1.31115561 1.34292497 1.40988056 1.32095291 1.4291932  1.3461474
 1.36589959 1.28642724 1.29063345 1.32048411 1.34818149 1.35497604
 1.28505391 1.3169054  1.32436301 1.28205072 1.34113189 1.30722617
 1.32261595 1.31024181 1.37238394 1.34127857]
fair_variation: [0.50036692 0.50190119 0.49765221 0.51781778 0.50535981 0.52565536
 0.49804476 0.52180204 0.53167719 0.49291341 0.48039992 0.51185405
 0.49557155 0.50437485 0.51621079 0.49329947 0.51678656 0.5082756
 0.50166042 0.49142186 0.49638963 0.52764283 0.5122991  0.49512436
 0.51398333 0.50759286 0.48704402 0.50968795 0.48990924 0.50485847
 0.4970727  0.49805108 0.49323807 0.51190597 0.46677486 0.53567095
 0.49475923 0.47824224 0.49007504 0.50753364 0.4946428  0.50977205
 0.47865592 0.50375404 0.51297122 0.519812   0.51898933 0.50161637
 0.49145848 0.4774738  0.48641857 0.51173023 0.49075911 0.51467114
 0.52764283 0.52658982 0.500492   0.46256818 0.46201814 0.52718406
 0.50026158 0.48925375 0.52729701 0.500492   0.49685352 0.50649215
 0.51975701 0.50497544 0.46709312 0.50052534 0.51113545 0.50335891
 0.52069372 0.48862308 0.50375404 0.46201814 0.519812   0.51246745
 0.50643548 0.50937144 0.515178   0.50064359 0.52144942 0.50817448
 0.52405198 0.50089009 0.49182182 0.49866606 0.52448048 0.51657111
 0.49447747 0.49099058 0.47019331 0.49602095 0.50779295 0.49431939
 0.50836878 0.50107184 0.50620576 0.51492691]
fair_accuracy: [0.82460062 0.82703307 0.81966998 0.8308461  0.82650713 0.82506081
 0.82486359 0.82972849 0.82972849 0.82999145 0.83137203 0.82039314
 0.82946552 0.82953126 0.82414042 0.82926829 0.82815068 0.82348301
 0.82282559 0.82703307 0.82460062 0.81717178 0.82690158 0.82433765
 0.82532378 0.82939978 0.82861087 0.82216817 0.82985997 0.827559
 0.82624417 0.8206561  0.82256262 0.82644139 0.82289133 0.82098481
 0.82400894 0.82157649 0.82216817 0.82407468 0.82913681 0.8247321
 0.83137203 0.8251923  0.82703307 0.82926829 0.82571823 0.83229242
 0.82354875 0.83025442 0.83071461 0.82795345 0.83071461 0.82197094
 0.81717178 0.81947275 0.82696733 0.81736901 0.82926829 0.82604694
 0.827559   0.82183946 0.827559   0.82696733 0.82400894 0.82512655
 0.82630991 0.82690158 0.82249688 0.82900533 0.82657287 0.82460062
 0.82565249 0.82808494 0.8251923  0.82926829 0.82926829 0.82591546
 0.82762475 0.82322004 0.82433765 0.8308461  0.82414042 0.82256262
 0.82407468 0.82499507 0.829597   0.8308461  0.82492933 0.82578397
 0.82644139 0.82492933 0.82466636 0.82039314 0.83058313 0.83012294
 0.82368023 0.82729604 0.82683584 0.82545526]
unfair_diff: [0.13618896 0.16287902 0.14320416 0.15130836 0.12832018 0.15889441
 0.1476675  0.15031337 0.15161551 0.17298537 0.13446733 0.17588004
 0.14247484 0.13077804 0.13109003 0.13762591 0.13501826 0.13040703
 0.14758079 0.1453445  0.13500477 0.14213361 0.1428354  0.14611569
 0.1506884  0.15969837 0.14134233 0.1566675  0.14857661 0.15204082
 0.12124826 0.11454061 0.14527637 0.15040679 0.13675672 0.14604042
 0.16226754 0.13439019 0.13118249 0.14118705 0.1324513  0.12758404
 0.15221284 0.1439362  0.14418136 0.18936716 0.16678695 0.14669572
 0.15156252 0.10984554 0.13789979 0.13861574 0.1130765  0.1524895
 0.14213361 0.16526714 0.17097806 0.1330922  0.12235944 0.14456806
 0.14573    0.14641003 0.14758798 0.17097806 0.14603995 0.13462821
 0.1530261  0.16182214 0.12869021 0.12888056 0.17489177 0.13350814
 0.14001074 0.15349962 0.1439362  0.12235944 0.18936716 0.14267364
 0.1287925  0.14056071 0.17238632 0.15309077 0.17014543 0.14008827
 0.15171158 0.13880145 0.13767714 0.139311   0.16970164 0.14797156
 0.14502107 0.1502621  0.12344876 0.14684575 0.14621686 0.15521231
 0.15002773 0.12427277 0.14064573 0.16263389]
unfair_ratio: [1.32412389 1.41410939 1.36605559 1.37883131 1.31892717 1.4038684
 1.36615245 1.37314391 1.40102764 1.27326831 1.31880981 1.45458759
 1.34411955 1.31424363 1.32924394 1.34281817 1.34337657 1.32457926
 1.27408188 1.35377254 1.34054573 1.38472672 1.35813492 1.34386324
 1.39099824 1.36676723 1.34731985 1.406457   1.37499259 1.35927713
 1.26686908 1.27455447 1.36118435 1.38277684 1.33674248 1.33752457
 1.4272937  1.32754683 1.30987896 1.34658511 1.3197819  1.26975677
 1.2631905  1.30996599 1.36162061 1.50617234 1.436793   1.36462094
 1.37601188 1.25414516 1.32696706 1.34234636 1.26939375 1.3918254
 1.38472672 1.43772624 1.44102752 1.30290253 1.24217594 1.37016084
 1.3635272  1.35984798 1.3729403  1.44102752 1.36759067 1.32431267
 1.39862714 1.41324072 1.29974849 1.30841677 1.44857738 1.3332901
 1.35308209 1.31008666 1.30996599 1.24217594 1.50617234 1.35267367
 1.31555376 1.34436376 1.45102937 1.3774575  1.45547635 1.3416315
 1.39023748 1.30668522 1.33780069 1.34262282 1.44982334 1.37032037
 1.36546367 1.37338715 1.29774203 1.37081192 1.35498498 1.29899241
 1.38798381 1.30818779 1.34824091 1.42152049]
unfair_variation: [0.57019056 0.57999332 0.5832763  0.57504483 0.57093061 0.57891057
 0.56656577 0.56802801 0.59606385 0.55777287 0.55347292 0.58729332
 0.56033574 0.55504096 0.57248805 0.57357572 0.57920834 0.56872079
 0.56273173 0.55870863 0.5759081  0.60146023 0.57310986 0.57163576
 0.58937904 0.57404933 0.5645988  0.58779954 0.5765613  0.57340832
 0.54783847 0.56089302 0.57318636 0.58175727 0.56660222 0.57864054
 0.59377294 0.56073948 0.55834893 0.57693171 0.5587263  0.54904796
 0.54630757 0.57450556 0.57874169 0.60108426 0.59015313 0.57054135
 0.57055645 0.54152943 0.55189719 0.56602665 0.5525417  0.57916177
 0.60146023 0.59011855 0.58448981 0.56191187 0.53994962 0.58115499
 0.57194403 0.5652699  0.58023861 0.58448981 0.57661406 0.5660615
 0.58911092 0.58026164 0.5420925  0.55599457 0.58125211 0.56812569
 0.57931802 0.55166762 0.57450556 0.53994962 0.60108426 0.569659
 0.56437243 0.57427846 0.59224226 0.56883017 0.60430146 0.55938307
 0.58534271 0.56988805 0.56705248 0.56921846 0.59714751 0.57301497
 0.57758805 0.56761109 0.56060907 0.57688709 0.55792703 0.55905009
 0.5850448  0.56619582 0.56795186 0.58699176]
unfair_accuracy: [0.83130629 0.8324239  0.83025442 0.83400171 0.83156926 0.83170074
 0.83012294 0.8349221  0.83347577 0.83656564 0.83788048 0.83472487
 0.8385379  0.83281836 0.82841365 0.83755177 0.83327855 0.82867662
 0.83110907 0.83209519 0.83143778 0.8231543  0.83314706 0.83032016
 0.83196371 0.83498784 0.83400171 0.82808494 0.83248965 0.83373874
 0.83176648 0.83117481 0.83387023 0.83196371 0.82953126 0.8267701
 0.83176648 0.82913681 0.82999145 0.82723029 0.83308132 0.83189797
 0.83820919 0.83275261 0.83281836 0.83275261 0.8324239  0.83584248
 0.83229242 0.83380448 0.83413319 0.83091184 0.83406745 0.83255539
 0.8231543  0.82506081 0.8328841  0.82913681 0.83715732 0.83170074
 0.8328841  0.8328841  0.83143778 0.8328841  0.83156926 0.83104332
 0.83216094 0.83354152 0.83998422 0.83511932 0.83183223 0.83124055
 0.83170074 0.83334429 0.83275261 0.83715732 0.83275261 0.83104332
 0.833673   0.83209519 0.83176648 0.83873513 0.83124055 0.82821642
 0.83143778 0.83248965 0.83498784 0.83676287 0.82834791 0.83091184
 0.83222668 0.83301558 0.8344619  0.82847939 0.83452764 0.83354152
 0.82999145 0.83058313 0.83308132 0.83143778]

discrimanted_group_losses_improvement: [0.01166215 0.01217206 0.0157099  0.01321378 0.01288112 0.01207645
 0.01090564 0.00967894 0.01174099 0.01067362 0.01281139 0.01307345
 0.00922422 0.00867292 0.01056631 0.01146065 0.00812721 0.01241722
 0.01305422 0.01513166 0.011187   0.01193148 0.00955865 0.01181978
 0.01406287 0.01011905 0.01393606 0.01091988 0.01393189 0.01043643
 0.0150606  0.00964366 0.01074127 0.00979929 0.01639344 0.00957673
 0.01400694 0.01312963 0.01123596 0.01177036 0.01240988 0.01065846
 0.01169245 0.01126126 0.01025943 0.01523922 0.01370026 0.01323408
 0.01176056 0.00938131 0.01166215 0.01245447 0.00949256 0.01121738
 0.01193148 0.01093806 0.01279772 0.01451517 0.01277955 0.0101715
 0.0108566  0.0106673  0.01106353 0.01279772 0.01097345 0.01285377
 0.00982132 0.0096199  0.01058516 0.00976888 0.01202095 0.01025822
 0.01140007 0.01323251 0.01126126 0.01277955 0.01523922 0.01172569
 0.01084266 0.01193007 0.01202428 0.01059776 0.01580561 0.00979235
 0.01305173 0.01131275 0.01247646 0.01290477 0.01268223 0.01074888
 0.01247646 0.01196341 0.0135151  0.01245154 0.00961538 0.01539908
 0.01499821 0.01456425 0.01230915 0.01382815]
discrimanted_group_losses_improvement_mean: 0.011942872144064087
discrimanted_group_losses_improvement_std: 0.001745563235660026

unfair_downgraded_mean: 0.11606902915915822
fair_downgraded_mean: 0.10412615701509409