dataset for initial classifier training: compas 
classifier: lgb
number_iterations: 100
multiplier: 35
interior_classifier: knn
number_experiments: 100

fair_accuracy_mean: 0.826499243968181
fair_diff_mean: 0.14603711570562009
fair_ratio_mean: 1.3236875456956676
fair_var_mean: 0.5032377874266547
fair_accuracy_std: 0.003051929493240419
fair_diff_std: 0.01807220589961321
fair_ratio_std: 0.04714640567034327
fair_var_std: 0.015487071021297427

unfair_accuracy_mean: 0.8325797120504899
unfair_diff_mean: 0.14521820332898971
unfair_ratio_mean: 1.3539680181012392
unfair_var_mean: 0.5713684207466948
unfair_accuracy_std: 0.0026064594606760843
unfair_diff_std: 0.0131916783724798
unfair_ratio_std: 0.043777535672623887
unfair_var_std: 0.012924017172743938

(fair_accuracy-unfair_accuracy)_mean: -0.006080468082308851
(fair_accuracy-unfair_accuracy)_std: 0.0017307606742559217
(fair_diff-unfair_diff)_mean: 0.0008189123766303619
(fair_diff-unfair_diff)_std: 0.014591118029018899
(fair_ratio-unfair_ratio)_mean: -0.03028047240557181
(fair_ratio-unfair_ratio)_std: 0.0341075349782429
(fair_variation-unfair_variation)_mean: -0.06813063332004012
(fair_varitaion-unfair_variation)_std: 0.011035349688721057

fair_diff: [0.17657431 0.11157733 0.15519386 0.13219027 0.15785495 0.1396249
 0.14778926 0.14342295 0.14404791 0.2039876  0.1345011  0.13141692
 0.13495919 0.15617539 0.143347   0.13265107 0.16861049 0.13550648
 0.13286214 0.1145043  0.1705329  0.14102937 0.14257814 0.10046348
 0.11401229 0.12961765 0.1451838  0.1831746  0.15905421 0.14698409
 0.14204111 0.18280795 0.11232346 0.15373372 0.14715593 0.15926667
 0.14542815 0.14778926 0.15451682 0.16619825 0.16231507 0.17970564
 0.12272185 0.12732745 0.14106036 0.14725034 0.1396249  0.1427345
 0.14894383 0.13584413 0.14968158 0.14134871 0.15975901 0.10797327
 0.12654293 0.15417368 0.1470782  0.14202215 0.14907111 0.14360689
 0.13789585 0.12811027 0.14442305 0.16372704 0.17151395 0.12906671
 0.15477139 0.15905421 0.17320076 0.13811924 0.1339668  0.14388829
 0.12618849 0.12792596 0.15477139 0.14521104 0.13582179 0.14436693
 0.15531072 0.15225821 0.16508654 0.14704071 0.13516359 0.15141082
 0.14770152 0.12906671 0.1971661  0.15921821 0.17101408 0.13800694
 0.11398834 0.15874159 0.14925846 0.15716488 0.15823654 0.13962701
 0.13177995 0.13403661 0.12618849 0.16474748]
fair_ratio: [1.390841   1.22204744 1.24937551 1.28270599 1.35308285 1.30772593
 1.32392498 1.32940255 1.33142925 1.48534981 1.30020647 1.28539827
 1.30522227 1.3384662  1.31938718 1.29060789 1.37804247 1.31222484
 1.29152473 1.23799637 1.40075231 1.32975647 1.32538872 1.21536959
 1.24474401 1.29131887 1.31611105 1.43613001 1.33381748 1.31975887
 1.3172563  1.39805401 1.23312744 1.34292497 1.32388387 1.37055511
 1.32804776 1.32392498 1.34891704 1.38231174 1.36138578 1.40988056
 1.26902867 1.26333204 1.30527349 1.33197818 1.30772593 1.30683372
 1.32688763 1.31369719 1.33721368 1.31448945 1.3506035  1.22815371
 1.26746574 1.36538893 1.33075223 1.31361285 1.33661218 1.34148234
 1.30589416 1.2662294  1.30889219 1.37789388 1.39158042 1.27890799
 1.34797595 1.33381748 1.39122995 1.30751507 1.29951928 1.32103487
 1.27871013 1.28214694 1.34797595 1.30935261 1.29556189 1.3239218
 1.35726858 1.34519792 1.35619787 1.31695935 1.29063345 1.33625622
 1.32508248 1.27890799 1.43594192 1.36377313 1.38298299 1.30059046
 1.24046367 1.35947113 1.3406344  1.37625988 1.35288845 1.3086138
 1.2882291  1.29823147 1.27871013 1.36838982]
fair_variation: [0.50518083 0.48742501 0.49400101 0.48170742 0.51157212 0.50642133
 0.49389318 0.5178778  0.52417908 0.53271795 0.50714742 0.49007504
 0.51586975 0.48840261 0.5021023  0.49533546 0.51148297 0.52194627
 0.49687671 0.47148385 0.52873874 0.52708086 0.51398333 0.48167345
 0.48950037 0.50977205 0.49344738 0.54000615 0.47777877 0.4953392
 0.50375404 0.4965461  0.47118002 0.50937144 0.49452019 0.52203176
 0.51338676 0.49389318 0.51565115 0.52503598 0.50721796 0.515178
 0.49617781 0.46599857 0.48427856 0.51362806 0.50642133 0.48733569
 0.50470944 0.52439479 0.50677579 0.50174265 0.50290483 0.47451903
 0.48364261 0.5343689  0.50723916 0.49638963 0.51345945 0.52955157
 0.50612713 0.49396451 0.48686082 0.51827179 0.51483443 0.49410836
 0.50656095 0.47777877 0.51113545 0.50391623 0.50052524 0.50574593
 0.50024692 0.5213195  0.50656095 0.48055911 0.48893659 0.50850922
 0.51689341 0.51246745 0.48859037 0.49114588 0.49182182 0.50252282
 0.49685352 0.49410836 0.50219948 0.52268786 0.50649246 0.49362065
 0.4711038  0.51655757 0.52107797 0.54004348 0.5039698  0.50426069
 0.49395364 0.50387688 0.50024692 0.5089992 ]
fair_accuracy: [0.83018868 0.82433765 0.82571823 0.82210243 0.82874236 0.82775623
 0.82532378 0.8231543  0.82617842 0.82690158 0.82900533 0.82216817
 0.83110907 0.82525804 0.82703307 0.82492933 0.83630268 0.83209519
 0.82400894 0.83196371 0.82782197 0.82558675 0.82532378 0.82538952
 0.82972849 0.8247321  0.82736178 0.82486359 0.82709881 0.83196371
 0.8251923  0.81947275 0.8303859  0.82322004 0.82532378 0.82335152
 0.82506081 0.82532378 0.82696733 0.82663862 0.82440339 0.82433765
 0.82427191 0.83222668 0.82256262 0.82683584 0.82775623 0.82966274
 0.829597   0.82670436 0.82460062 0.82052462 0.82749326 0.82769049
 0.82762475 0.82703307 0.82565249 0.82460062 0.82683584 0.82322004
 0.82854513 0.82854513 0.82953126 0.82078759 0.81842088 0.82992571
 0.82913681 0.82709881 0.82657287 0.82328578 0.82479784 0.8239432
 0.82650713 0.82512655 0.82913681 0.83176648 0.82361449 0.8267701
 0.82282559 0.82591546 0.82742752 0.82446913 0.829597   0.82446913
 0.82400894 0.82992571 0.82203668 0.83124055 0.82900533 0.82716455
 0.82400894 0.82788771 0.82828216 0.82893958 0.82867662 0.827559
 0.82151075 0.82486359 0.82650713 0.83137203]
unfair_diff: [0.15895886 0.12269569 0.15701123 0.1452328  0.13852591 0.13518216
 0.14009299 0.14206234 0.15227691 0.17487643 0.13771288 0.13118249
 0.14267785 0.15192473 0.15072167 0.1472554  0.14949345 0.16800813
 0.12667176 0.13969941 0.16389628 0.16860728 0.1506884  0.10800584
 0.13196049 0.12758404 0.13081854 0.17121315 0.13174813 0.14339769
 0.1439362  0.14951637 0.11119312 0.14056071 0.12515235 0.14521242
 0.14283184 0.14009299 0.15307211 0.15715902 0.15579054 0.17238632
 0.13053504 0.13260508 0.13770028 0.15252949 0.13518216 0.13843052
 0.15755226 0.15640641 0.14760629 0.15018801 0.14472812 0.12452033
 0.1521294  0.14118394 0.13290099 0.13500477 0.15196568 0.14711115
 0.14532667 0.14351038 0.14073955 0.15316175 0.15016752 0.15628784
 0.15429864 0.13174813 0.17489177 0.14032573 0.11392315 0.13204518
 0.14617129 0.13960558 0.15429864 0.14108722 0.13125182 0.15797803
 0.14639628 0.14267364 0.163179   0.14661823 0.13767714 0.15313624
 0.14603995 0.15628784 0.14668422 0.15600074 0.13272591 0.13220198
 0.13533467 0.16494956 0.14384836 0.15413009 0.16201116 0.14000809
 0.14767978 0.14001513 0.14617129 0.17586531]
unfair_ratio: [1.4081458  1.29816372 1.31052621 1.35671669 1.34151188 1.30753892
 1.34430942 1.36519146 1.39036732 1.44525734 1.33294536 1.30987896
 1.35116747 1.38024754 1.37201092 1.36917551 1.37907268 1.33896007
 1.31503287 1.26280765 1.42795139 1.4548917  1.39099824 1.25458177
 1.32137634 1.26975677 1.31502768 1.45831436 1.29845963 1.34578341
 1.30996599 1.38049158 1.25779196 1.34436376 1.31062992 1.37145499
 1.36181189 1.34430942 1.39576823 1.3990093  1.38717686 1.45102937
 1.32537068 1.31536062 1.34582928 1.39814256 1.30753892 1.33733069
 1.36139204 1.41248064 1.37433609 1.34256783 1.35561766 1.29297603
 1.29549109 1.35971442 1.33120874 1.34054573 1.38351869 1.37380243
 1.35484357 1.31795463 1.34698697 1.4010834  1.38115144 1.3117865
 1.38574661 1.29845963 1.44857738 1.35003474 1.27242493 1.33005
 1.37261005 1.30043549 1.38574661 1.32781938 1.32207893 1.40831244
 1.38034327 1.35267367 1.31700402 1.35949177 1.33780069 1.38779824
 1.36759067 1.3117865  1.37273118 1.40131487 1.32170343 1.32173645
 1.33783544 1.42585228 1.34780118 1.39679064 1.40714373 1.35180865
 1.36906446 1.35877198 1.37261005 1.39784946]
unfair_variation: [0.58618124 0.55972634 0.56296627 0.56503733 0.57045848 0.57136607
 0.56249412 0.58379067 0.58280813 0.57801019 0.55802195 0.55834893
 0.56598117 0.5711504  0.56697801 0.57333729 0.57811087 0.57654556
 0.57172895 0.53112442 0.59051376 0.60344928 0.58937904 0.55802151
 0.5609017  0.54904796 0.55631577 0.60120168 0.55207667 0.55876814
 0.57450556 0.58409135 0.54104597 0.57427846 0.56706911 0.58076791
 0.58431274 0.56249412 0.58814428 0.58103128 0.57194697 0.59224226
 0.57583165 0.55135038 0.57369796 0.59050074 0.57136607 0.56101843
 0.5636768  0.59684464 0.57816784 0.56601439 0.5684165  0.54484671
 0.54838381 0.57823142 0.56935546 0.5759081  0.57757979 0.57312359
 0.56244863 0.56238092 0.56929132 0.59389678 0.57884886 0.56721127
 0.56937189 0.55207667 0.58125211 0.57202387 0.55179046 0.57252208
 0.57795693 0.57634586 0.56937189 0.55736198 0.56733603 0.58787085
 0.58755427 0.569659   0.55622895 0.56490802 0.56705248 0.5779699
 0.57661406 0.56721127 0.57970009 0.58694916 0.55672464 0.56092735
 0.57272981 0.58700345 0.55734732 0.58384348 0.57359477 0.57620147
 0.56940547 0.58419038 0.57795693 0.5736252 ]
unfair_accuracy: [0.83709158 0.83294984 0.83156926 0.83018868 0.83525081 0.83235816
 0.83229242 0.82985997 0.82979423 0.83656564 0.83525081 0.82999145
 0.83643416 0.83419893 0.83387023 0.83025442 0.84031293 0.83636842
 0.83091184 0.83768326 0.83531655 0.82939978 0.83196371 0.83196371
 0.83321281 0.83189797 0.83498784 0.82815068 0.83360726 0.83518506
 0.83275261 0.82841365 0.83781474 0.83209519 0.83156926 0.82762475
 0.83018868 0.83229242 0.83275261 0.8324239  0.82920255 0.83176648
 0.8328841  0.83827493 0.82999145 0.83143778 0.83235816 0.83406745
 0.83380448 0.83130629 0.83222668 0.82920255 0.83360726 0.83472487
 0.83255539 0.8324239  0.82985997 0.83143778 0.83255539 0.82874236
 0.83347577 0.83262113 0.83656564 0.82861087 0.82834791 0.83663139
 0.83321281 0.83360726 0.83183223 0.82926829 0.8303859  0.831635
 0.83137203 0.82834791 0.83321281 0.83945829 0.83327855 0.83235816
 0.83012294 0.83104332 0.83603971 0.83110907 0.83498784 0.83032016
 0.83156926 0.83663139 0.83032016 0.83505358 0.83400171 0.83314706
 0.83327855 0.83202945 0.83202945 0.831635   0.83485635 0.83104332
 0.82861087 0.83209519 0.83137203 0.83321281]

discrimanted_group_losses_improvement: [0.00960968 0.00902506 0.00649504 0.01220524 0.00975726 0.00826154
 0.00867911 0.01168142 0.00988701 0.00908233 0.00876373 0.00993495
 0.00783076 0.00843731 0.00934579 0.0098719  0.00714626 0.01086829
 0.01162653 0.00945599 0.00740829 0.01198244 0.01063578 0.01100852
 0.00754361 0.00828991 0.00964819 0.00847059 0.00969966 0.01103989
 0.00806069 0.01026912 0.01267322 0.00874085 0.01090823 0.01049994
 0.01032621 0.00867911 0.00710956 0.01004372 0.00962927 0.0086388
 0.010699   0.01063076 0.01125176 0.00882457 0.00826154 0.00761723
 0.00804258 0.00865339 0.00850963 0.01071092 0.0059538  0.01156138
 0.00918187 0.00950796 0.01003105 0.00812529 0.00966297 0.00966525
 0.01110193 0.00767686 0.01105958 0.01299766 0.00849057 0.00914741
 0.00907896 0.00969966 0.00940252 0.00867705 0.01077688 0.01066198
 0.00984345 0.00467399 0.00907896 0.00938196 0.0126209  0.00880114
 0.01067146 0.00994907 0.01054377 0.00800282 0.01106403 0.00885687
 0.00943953 0.00914741 0.00924061 0.00979813 0.01052881 0.00870793
 0.01353401 0.00970299 0.00601912 0.00950704 0.00732601 0.00770578
 0.00797334 0.01070211 0.00984345 0.01119048]
discrimanted_group_losses_improvement_mean: 0.009487880462020966
discrimanted_group_losses_improvement_std: 0.0015362657692120918

unfair_downgraded: [0.11235022 0.10948818 0.11254133 0.11198009 0.11101856 0.11212085
 0.11009392 0.1159882  0.11805556 0.11417787 0.11311054 0.11176818
 0.11196821 0.10790255 0.11404235 0.11611235 0.1070748  0.11511044
 0.11519753 0.10273173 0.11566495 0.12077352 0.11533916 0.10996686
 0.11067893 0.10978209 0.11001294 0.11941176 0.11090335 0.11324786
 0.11284969 0.11732767 0.10707095 0.11504843 0.11003083 0.11764706
 0.11581788 0.11009392 0.11853147 0.11438024 0.11735676 0.11907541
 0.11222064 0.10784314 0.11615096 0.11871985 0.11212085 0.10961676
 0.1143702  0.11569464 0.1164165  0.1152307  0.11490831 0.10917759
 0.11100647 0.11457095 0.11547647 0.11022138 0.11194909 0.11209335
 0.1120822  0.11491674 0.10940659 0.1175644  0.11485849 0.11012079
 0.1142038  0.11090335 0.11413949 0.11173184 0.11309806 0.11751611
 0.10887097 0.11369479 0.1142038  0.10754075 0.1128804  0.11405804
 0.11402878 0.11666469 0.1121905  0.11368718 0.11417137 0.11667454
 0.11669617 0.11012079 0.11444142 0.11261953 0.11120312 0.11249706
 0.11235562 0.11406934 0.11011448 0.11302817 0.11189885 0.1130181
 0.11174581 0.11196048 0.10887097 0.11511905]
fair_downgraded: [0.10274054 0.10046313 0.10604629 0.09977485 0.1012613  0.10385932
 0.10141481 0.10430678 0.10816855 0.10509554 0.10434681 0.10183323
 0.10413745 0.09946524 0.10469656 0.10624045 0.09992854 0.10424214
 0.103571   0.09327574 0.10825666 0.10879108 0.10470338 0.09895833
 0.10313531 0.10149218 0.10036475 0.11094118 0.10120369 0.10220798
 0.104789   0.10705855 0.09439773 0.10630758 0.0991226  0.10714712
 0.10549167 0.10141481 0.11142191 0.10433652 0.10772749 0.11043661
 0.10152164 0.09721238 0.1048992  0.10989528 0.10385932 0.10199952
 0.10632762 0.10704125 0.10790687 0.10451977 0.10895451 0.09761621
 0.1018246  0.10506299 0.10544543 0.10209609 0.10228612 0.1024281
 0.10098028 0.10723987 0.09834701 0.10456674 0.10636792 0.10097338
 0.10512484 0.10120369 0.10473697 0.1030548  0.10232117 0.10685413
 0.09902751 0.1090208  0.10512484 0.09815879 0.1002595  0.1052569
 0.10335731 0.10671562 0.10164672 0.10568436 0.10310734 0.10781767
 0.10725664 0.10097338 0.10520081 0.10282139 0.10067432 0.10378913
 0.09882161 0.10436635 0.10409536 0.10352113 0.10457285 0.10531232
 0.10377246 0.10125838 0.09902751 0.10392857]
