dataset for initial classifier training: gpa_race_naive_bayesian 
classifier: lgb
number_iterations: 100
multiplier: 30
interior_classifier: rf
number_experiments: 100

fair_accuracy_mean: 0.41884668102604267
fair_diff_mean: 0.3743785600294381
fair_ratio_mean: 3.757183956584019
fair_var_mean: 0.8075175101201099
fair_accuracy_std: 0.00933962365450277
fair_diff_std: 0.03661645353301081
fair_ratio_std: 0.6691393469788474
fair_var_std: 0.029257181373529915

unfair_accuracy_mean: 0.4534090464068926
unfair_diff_mean: 0.44175938380241647
unfair_ratio_mean: 2.6992019558205045
unfair_var_mean: 0.7430004447726297
unfair_accuracy_std: 0.005689969000066082
unfair_diff_std: 0.022306782196908796
unfair_ratio_std: 0.1655161314446643
unfair_var_std: 0.012599911862831539

(fair_accuracy-unfair_accuracy)_mean: -0.03456236538084981
(fair_accuracy-unfair_accuracy)_std: 0.008141468339172247
(fair_diff-unfair_diff)_mean: -0.06738082377297833
(fair_diff-unfair_diff)_std: 0.03480448082739708
(fair_ratio-unfair_ratio)_mean: 1.0579820007635152
(fair_ratio-unfair_ratio)_std: 0.6363201887835864
(fair_variation-unfair_variation)_mean: 0.06451706534748007
(fair_varitaion-unfair_variation)_std: 0.0291937856058537

fair_diff: [0.35817341 0.39240236 0.34949343 0.35472557 0.40917426 0.3914881
 0.36688951 0.29622233 0.38627134 0.39164264 0.36985539 0.39489762
 0.39843829 0.37553143 0.43422115 0.40915164 0.44038923 0.37488782
 0.37852348 0.3307553  0.41885168 0.35028064 0.3842383  0.33203763
 0.37150773 0.33767677 0.3842383  0.4099705  0.30919919 0.33056734
 0.36920978 0.29095108 0.36688691 0.36101039 0.3952565  0.40195728
 0.38935879 0.39619631 0.40250915 0.43422115 0.40350877 0.40567792
 0.3923041  0.38780096 0.37357686 0.38912749 0.38695985 0.39781444
 0.43440203 0.44064248 0.36245955 0.32225384 0.35341588 0.34385026
 0.40231904 0.38909129 0.41728053 0.31496257 0.31708347 0.30418992
 0.37201803 0.35533839 0.35156907 0.3538955  0.40742006 0.36670429
 0.38845856 0.43085532 0.4288077  0.43102204 0.41748848 0.39378498
 0.33485893 0.39389791 0.44434855 0.35817341 0.39378498 0.30919919
 0.36033084 0.33609945 0.37612034 0.38727858 0.36315293 0.29985432
 0.29985432 0.42156598 0.33613953 0.36168768 0.38885727 0.34263102
 0.39655701 0.3820341  0.36360593 0.42002801 0.40102863 0.36107123
 0.32139684 0.35223607 0.32060303 0.33611655]
fair_ratio: [3.63689738 4.81415094 3.51556288 3.17553366 4.14808445 4.11703815
 3.40687204 3.02391008 4.3592287  3.98508109 3.3101737  3.5501349
 4.46040927 3.76408596 4.47096774 4.5226275  4.05904777 4.71763754
 3.28029534 2.74069857 4.31939954 3.59167181 4.03985995 3.63778723
 3.57578692 2.87598204 4.03985995 3.97346422 2.44192812 2.48001376
 4.17470176 3.10922343 3.17548438 3.6427619  4.37303348 4.21304813
 3.93873179 4.51799846 3.50856715 4.47096774 4.1625     3.54280592
 3.75039288 4.96065574 3.24682353 3.82676519 3.92550973 4.19239909
 4.88149148 4.20787724 3.63529412 2.80124419 3.09293533 4.22425743
 4.92725275 4.09831954 4.29247797 3.23289106 3.35150649 2.60677911
 3.3555003  4.18241904 3.9503296  3.13192122 4.33973589 3.96166269
 4.48263889 4.87769784 3.81350357 5.29705944 4.5527451  3.56964791
 2.95200893 3.96920708 4.93426855 3.63689738 3.56964791 2.44192812
 3.39648607 2.60781294 3.07550042 4.43571429 3.25186915 2.64670691
 2.64670691 4.45947581 2.90036778 3.44579077 4.30930947 2.8665942
 4.08884469 3.80828577 4.25465444 4.52155933 3.93042153 3.9868361
 2.91178305 3.74441599 2.5172032  2.77434917]
fair_variation: [0.79416862 0.81326626 0.78840314 0.75868084 0.81294073 0.77936835
 0.83559366 0.82024758 0.82516499 0.80160639 0.7806759  0.82080857
 0.79589007 0.79236202 0.81227147 0.80822019 0.8196049  0.81617795
 0.83368559 0.81626754 0.79311528 0.8014188  0.78262826 0.86673633
 0.78230275 0.75305258 0.78262826 0.78454957 0.78672491 0.74174535
 0.82044738 0.83681531 0.79602501 0.87329562 0.81071626 0.79070954
 0.79844711 0.81304138 0.75988759 0.81227147 0.80082935 0.81401764
 0.77309468 0.83510103 0.84785966 0.78466508 0.7964014  0.78381723
 0.81811907 0.76278002 0.79785029 0.77072758 0.72605862 0.82460964
 0.8063189  0.78986235 0.79216233 0.78093983 0.8391788  0.77564162
 0.80968656 0.87460927 0.80746779 0.7475645  0.83099688 0.80779497
 0.82685397 0.81452628 0.82853975 0.84255086 0.80108497 0.82555543
 0.81813218 0.79142661 0.82086471 0.79416862 0.82555543 0.78672491
 0.85276258 0.8249865  0.84227332 0.82305206 0.86029206 0.85612288
 0.85612288 0.81204971 0.86107329 0.79988131 0.79389705 0.81219201
 0.82420083 0.75931871 0.84950191 0.81877335 0.77616258 0.85795639
 0.75784618 0.80774905 0.80840926 0.81102478]
fair_accuracy: [0.40865479 0.42764833 0.4170746  0.43254357 0.41864108 0.42725671
 0.41785784 0.40865479 0.40806736 0.41237517 0.42941061 0.4170746
 0.40943803 0.42941061 0.42686509 0.42196985 0.4110045  0.42177404
 0.4129626  0.42275308 0.41864108 0.42392794 0.42960642 0.40650088
 0.42294889 0.42941061 0.42960642 0.42608185 0.42490699 0.4433131
 0.40238888 0.41922851 0.41922851 0.41433327 0.42275308 0.4231447
 0.42412375 0.41589975 0.44057176 0.42686509 0.42529861 0.41511651
 0.43176033 0.41041707 0.40924222 0.41785784 0.4129626  0.41864108
 0.42451537 0.43332681 0.40806736 0.42471118 0.43900529 0.41022126
 0.42079499 0.4129626  0.41746622 0.42764833 0.42255727 0.43156452
 0.4190327  0.42451537 0.43195614 0.42901899 0.42431956 0.41257098
 0.40610926 0.40708831 0.41550813 0.40924222 0.41864108 0.41257098
 0.4270609  0.40571764 0.41080869 0.40865479 0.41257098 0.42490699
 0.4110045  0.42255727 0.42138242 0.41002546 0.4110045  0.4149207
 0.4149207  0.40630507 0.41883689 0.41002546 0.42157823 0.41962013
 0.41178774 0.42960642 0.39906011 0.40571764 0.41864108 0.38829058
 0.42177404 0.40924222 0.42784414 0.4311729 ]
unfair_diff: [0.45673625 0.45762482 0.4643802  0.42313253 0.43764823 0.45596655
 0.41802476 0.4075084  0.48314979 0.44801218 0.38185285 0.43279366
 0.45617284 0.43347331 0.45601291 0.46742962 0.49389132 0.39780422
 0.45383422 0.39206692 0.42937724 0.43677943 0.43336359 0.40360014
 0.40227269 0.46727273 0.43336359 0.43710523 0.45897995 0.42238306
 0.44481899 0.46247175 0.41721829 0.4538164  0.46090805 0.43878817
 0.41966986 0.45885274 0.45117154 0.45601291 0.4354067  0.44117881
 0.4520127  0.43191546 0.43767856 0.44945185 0.44602551 0.46602392
 0.4504305  0.41720501 0.42571042 0.43895374 0.43356328 0.42719239
 0.46223686 0.45862075 0.4608916  0.39696612 0.46071471 0.40811255
 0.44754687 0.46179535 0.42532501 0.44414287 0.42427142 0.45296545
 0.41663253 0.46814722 0.47108257 0.49766837 0.44211598 0.47297355
 0.44835423 0.42510172 0.45477166 0.45673625 0.47297355 0.45897995
 0.42705646 0.43075026 0.44189351 0.45720174 0.46777217 0.43464873
 0.43464873 0.4875562  0.43109767 0.44757113 0.47076678 0.43668529
 0.41764994 0.43694587 0.43856534 0.45437613 0.43290705 0.41105191
 0.40121573 0.41864919 0.41524739 0.43406326]
unfair_ratio: [2.85739408 3.02186964 2.97866345 2.49235127 2.59864975 2.85632985
 2.44293395 2.58216754 3.05828341 2.6422734  2.29193548 2.59592662
 2.82469136 2.69900067 2.74922601 2.90148555 2.88789225 2.47514371
 2.73230098 2.38337249 2.61557966 2.62051499 2.62674022 2.5525993
 2.49861588 2.7972028  2.62674022 2.64174641 2.67684151 2.46456735
 2.79060894 2.68246398 2.45968615 2.76239378 2.89617872 2.67228556
 2.47407587 2.80655229 2.65698119 2.74922601 2.70093458 2.62567706
 2.73025634 2.59693373 2.65711432 2.80351474 2.90395245 2.72522322
 2.85243271 2.48469045 2.78365452 2.66231003 2.59467293 2.7017893
 2.72017176 2.88414257 2.77814015 2.4230226  2.83126851 2.44313131
 2.63546412 2.695589   2.62041    2.69891458 2.55868006 2.99430621
 2.49825236 2.79456435 2.76108193 2.95769544 2.76575153 3.07880814
 2.62067989 2.52210033 2.64177982 2.85739408 3.07880814 2.67684151
 2.5742228  2.57044365 2.73051199 2.79130776 2.84526077 2.75391907
 2.75391907 2.91665057 2.56973134 2.80035847 3.15157855 2.7206499
 2.47546825 2.74917504 2.73796791 2.65298901 2.60864325 2.70553919
 2.42392248 2.50618829 2.750364   2.62773723]
unfair_variation: [0.74639315 0.72892731 0.7377771  0.73760196 0.74176411 0.73219831
 0.74417082 0.7559223  0.71791886 0.73438474 0.74301855 0.7469842
 0.72983419 0.743294   0.75334578 0.73840813 0.74437155 0.7288699
 0.75897299 0.75975982 0.72344697 0.75425035 0.73578967 0.7628777
 0.73645547 0.72452237 0.73578967 0.74532755 0.74510413 0.73406649
 0.7275843  0.72427631 0.74009985 0.74135066 0.73574324 0.75143737
 0.74211635 0.74098245 0.74705172 0.75334578 0.73344332 0.7215839
 0.7426667  0.78813722 0.73866983 0.75026281 0.73752077 0.7310904
 0.74339275 0.73048338 0.72567154 0.74560636 0.74472604 0.74181432
 0.73722169 0.7392847  0.74259171 0.76949797 0.7398508  0.76040144
 0.75503309 0.74759733 0.77145387 0.75848795 0.75549968 0.71743026
 0.75893603 0.73896973 0.74274758 0.74764296 0.72877193 0.73957213
 0.73227158 0.74457573 0.75138531 0.74639315 0.73957213 0.74510413
 0.77770514 0.73651582 0.72736584 0.7461366  0.74953327 0.76129996
 0.76129996 0.73159564 0.74697281 0.72077533 0.74175694 0.7470228
 0.7563705  0.74206852 0.74172199 0.75055313 0.73712488 0.73778385
 0.72738327 0.76910399 0.73830611 0.74074976]
unfair_accuracy: [0.44762091 0.45329939 0.44899158 0.46739769 0.46015273 0.4513413
 0.46054435 0.44566282 0.44605444 0.46132759 0.46054435 0.45604073
 0.44252986 0.45604073 0.46113178 0.45114549 0.4534952  0.4554533
 0.44703348 0.45036225 0.45055806 0.45623654 0.45858625 0.45036225
 0.44840415 0.45486587 0.45858625 0.45721559 0.4513413  0.4574114
 0.44487958 0.46328569 0.46034854 0.4513413  0.45310358 0.45506168
 0.45995692 0.44957901 0.45819463 0.46113178 0.45623654 0.45251615
 0.45643235 0.45506168 0.44781672 0.45173292 0.44683767 0.44899158
 0.4534952  0.44957901 0.44722929 0.45447425 0.45839044 0.44957901
 0.45427844 0.44957901 0.45114549 0.45878206 0.45212453 0.45701978
 0.45858625 0.46681026 0.45897787 0.45016644 0.46896417 0.45329939
 0.45153711 0.4493832  0.45701978 0.4574114  0.44801253 0.4474251
 0.45897787 0.44664186 0.45525749 0.44762091 0.4474251  0.4513413
 0.45564911 0.45055806 0.4534952  0.45799883 0.44820834 0.44957901
 0.44957901 0.4452712  0.46641864 0.44722929 0.44585863 0.4474251
 0.45369101 0.44820834 0.45310358 0.45662816 0.4534952  0.44018014
 0.45936949 0.44977482 0.44448796 0.46191502]

discrimanted_group_losses_improvement: [0.05250305 0.04806565 0.05231867 0.04250295 0.05226481 0.04651163
 0.05741627 0.06139315 0.05086849 0.04539877 0.04800937 0.04151404
 0.05137395 0.05528256 0.0556872  0.05218447 0.0404908  0.05924171
 0.0547588  0.05200946 0.05166052 0.05816832 0.05868263 0.06884058
 0.05112219 0.05121951 0.05868263 0.04400978 0.04779412 0.05415162
 0.05035129 0.05128205 0.05889724 0.04250295 0.05388471 0.0502994
 0.04681404 0.05938242 0.05276074 0.0556872  0.05399061 0.04140527
 0.05204461 0.06834532 0.04846939 0.03516999 0.0476758  0.05204461
 0.05232558 0.05205811 0.02951594 0.04495747 0.03601441 0.05385557
 0.05608592 0.04395604 0.04342723 0.04750305 0.06847698 0.05541237
 0.05170388 0.05463183 0.05569007 0.05168269 0.05428227 0.04681873
 0.05494505 0.05405405 0.02864259 0.06857855 0.04369538 0.04483188
 0.04214559 0.0495283  0.06257982 0.05250305 0.04483188 0.04779412
 0.05854241 0.04639805 0.03492433 0.06875754 0.05717762 0.04265403
 0.04265403 0.06896552 0.05063291 0.04800937 0.04807692 0.05231867
 0.04257908 0.05321782 0.06134969 0.05990783 0.04192355 0.04255319
 0.04668305 0.05325444 0.03344867 0.04384896]
discrimanted_group_losses_improvement_mean: 0.05075541451449893
discrimanted_group_losses_improvement_std: 0.008081063710500349

unfair_downgraded: [0.19291819 0.18171161 0.1783591  0.17473436 0.17770035 0.17906977
 0.1937799  0.19008264 0.18734491 0.19754601 0.19086651 0.17948718
 0.20908005 0.21375921 0.17772512 0.19053398 0.19631902 0.19194313
 0.19947849 0.19385343 0.18819188 0.18316832 0.19281437 0.17874396
 0.1882793  0.19268293 0.19281437 0.18581907 0.20343137 0.188929
 0.18969555 0.18192918 0.18045113 0.18181818 0.19047619 0.18802395
 0.20806242 0.19239905 0.18895706 0.17772512 0.20070423 0.17942284
 0.18091698 0.17625899 0.1875     0.16881594 0.19189511 0.2180917
 0.2        0.21186441 0.17119244 0.16889429 0.19807923 0.18359853
 0.18257757 0.16605617 0.17253521 0.14738124 0.20188902 0.17268041
 0.19153937 0.16033254 0.17554479 0.21514423 0.1893848  0.18367347
 0.18803419 0.1977887  0.18181818 0.19077307 0.1897628  0.1743462
 0.18646232 0.18042453 0.18773946 0.19291819 0.1743462  0.20343137
 0.1827957  0.19047619 0.16880093 0.21109771 0.18248175 0.19668246
 0.19668246 0.18719212 0.19493671 0.20491803 0.19471154 0.20214031
 0.18978102 0.19183168 0.19386503 0.17857143 0.18865598 0.16770964
 0.17936118 0.20946746 0.17531719 0.18757613]
fair_downgraded: [0.14041514 0.13364596 0.12604043 0.1322314  0.12543554 0.13255814
 0.13636364 0.12868949 0.13647643 0.15214724 0.14285714 0.13797314
 0.15770609 0.15847666 0.12203791 0.13834951 0.15582822 0.13270142
 0.14471969 0.14184397 0.13653137 0.125      0.13413174 0.10990338
 0.13715711 0.14146341 0.13413174 0.14180929 0.15563725 0.13477738
 0.13934426 0.13064713 0.12155388 0.13931523 0.13659148 0.13772455
 0.16124837 0.13301663 0.13619632 0.12203791 0.14671362 0.13801757
 0.12887237 0.10791367 0.13903061 0.13364596 0.14421931 0.16604709
 0.14767442 0.1598063  0.14167651 0.12393682 0.16206483 0.12974296
 0.12649165 0.12210012 0.12910798 0.0998782  0.13341204 0.11726804
 0.13983549 0.10570071 0.11985472 0.16346154 0.13510253 0.13685474
 0.13308913 0.14373464 0.15317559 0.12219451 0.14606742 0.12951432
 0.14431673 0.13089623 0.12515964 0.14041514 0.12951432 0.15563725
 0.12425329 0.14407814 0.1338766  0.14234017 0.12530414 0.15402844
 0.15402844 0.1182266  0.1443038  0.15690867 0.14663462 0.14982164
 0.14720195 0.13861386 0.13251534 0.11866359 0.14673243 0.12515645
 0.13267813 0.15621302 0.14186851 0.14372716]
