accuracy: [0.72475757 0.72985263 0.7325919  0.72963348 0.72826385 0.73204405
 0.73138662 0.73056484 0.72755164 0.72662028 0.72963348 0.73083877
 0.72788035 0.72798992 0.73352326 0.73275626 0.72662028 0.72831863
 0.73001698 0.72798992 0.73352326 0.73275626 0.72662028 0.72831863
 0.73001698 0.72798992 0.73352326 0.73275626 0.72662028 0.72831863
 0.73001698 0.72798992 0.73352326 0.73275626 0.72662028 0.72831863
 0.73001698 0.72798992 0.73352326 0.73275626 0.72662028 0.72831863
 0.73001698 0.72798992 0.73352326 0.73275626 0.72662028 0.72831863
 0.73001698 0.72798992 0.73352326 0.73275626 0.72662028 0.72831863
 0.73001698 0.72798992 0.73352326 0.73275626 0.72662028 0.72831863
 0.73001698 0.72798992 0.73352326 0.73275626 0.72662028 0.72831863
 0.73001698 0.72798992 0.73352326 0.73275626 0.72662028 0.72831863
 0.73001698 0.72798992 0.73352326 0.73275626 0.72662028 0.72831863
 0.73001698 0.72798992 0.73352326 0.73275626 0.72662028 0.72831863
 0.73001698 0.72798992 0.73352326 0.73275626 0.72662028 0.72831863
 0.73001698 0.72798992 0.73352326 0.73275626 0.72662028 0.72831863
 0.73001698 0.72798992 0.73352326 0.73275626]
diff: [0.06642871 0.0784264  0.07405273 0.07654265 0.07763031 0.0705241
 0.08837457 0.08326862 0.07853432 0.09397026 0.08842152 0.07673576
 0.06699136 0.05397832 0.07192415 0.08119813 0.06625544 0.09043308
 0.08464817 0.05397832 0.07192415 0.08119813 0.06625544 0.09043308
 0.08464817 0.05397832 0.07192415 0.08119813 0.06625544 0.09043308
 0.08464817 0.05397832 0.07192415 0.08119813 0.06625544 0.09043308
 0.08464817 0.05397832 0.07192415 0.08119813 0.06625544 0.09043308
 0.08464817 0.05397832 0.07192415 0.08119813 0.06625544 0.09043308
 0.08464817 0.05397832 0.07192415 0.08119813 0.06625544 0.09043308
 0.08464817 0.05397832 0.07192415 0.08119813 0.06625544 0.09043308
 0.08464817 0.05397832 0.07192415 0.08119813 0.06625544 0.09043308
 0.08464817 0.05397832 0.07192415 0.08119813 0.06625544 0.09043308
 0.08464817 0.05397832 0.07192415 0.08119813 0.06625544 0.09043308
 0.08464817 0.05397832 0.07192415 0.08119813 0.06625544 0.09043308
 0.08464817 0.05397832 0.07192415 0.08119813 0.06625544 0.09043308
 0.08464817 0.05397832 0.07192415 0.08119813 0.06625544 0.09043308
 0.08464817 0.05397832 0.07192415 0.08119813]
ratio: [1.15432323 1.16951794 1.20391894 1.18353132 1.16955446 1.17865146
 1.2306634  1.18397863 1.16822005 1.21135706 1.19211585 1.16675271
 1.19369192 1.24656509 1.15356755 1.18317658 1.19625353 1.20089695
 1.195962   1.24656509 1.15356755 1.18317658 1.19625353 1.20089695
 1.195962   1.24656509 1.15356755 1.18317658 1.19625353 1.20089695
 1.195962   1.24656509 1.15356755 1.18317658 1.19625353 1.20089695
 1.195962   1.24656509 1.15356755 1.18317658 1.19625353 1.20089695
 1.195962   1.24656509 1.15356755 1.18317658 1.19625353 1.20089695
 1.195962   1.24656509 1.15356755 1.18317658 1.19625353 1.20089695
 1.195962   1.24656509 1.15356755 1.18317658 1.19625353 1.20089695
 1.195962   1.24656509 1.15356755 1.18317658 1.19625353 1.20089695
 1.195962   1.24656509 1.15356755 1.18317658 1.19625353 1.20089695
 1.195962   1.24656509 1.15356755 1.18317658 1.19625353 1.20089695
 1.195962   1.24656509 1.15356755 1.18317658 1.19625353 1.20089695
 1.195962   1.24656509 1.15356755 1.18317658 1.19625353 1.20089695
 1.195962   1.24656509 1.15356755 1.18317658 1.19625353 1.20089695
 1.195962   1.24656509 1.15356755 1.18317658]
var: [0.77292644 0.76910462 0.76962878 0.76252851 0.77084692 0.78080862
 0.76778235 0.75980149 0.76274841 0.77007643 0.77635148 0.78240377
 0.76065323 0.77830833 0.77736948 0.77180694 0.77028174 0.77251993
 0.78505866 0.77830833 0.77736948 0.77180694 0.77028174 0.77251993
 0.78505866 0.77830833 0.77736948 0.77180694 0.77028174 0.77251993
 0.78505866 0.77830833 0.77736948 0.77180694 0.77028174 0.77251993
 0.78505866 0.77830833 0.77736948 0.77180694 0.77028174 0.77251993
 0.78505866 0.77830833 0.77736948 0.77180694 0.77028174 0.77251993
 0.78505866 0.77830833 0.77736948 0.77180694 0.77028174 0.77251993
 0.78505866 0.77830833 0.77736948 0.77180694 0.77028174 0.77251993
 0.78505866 0.77830833 0.77736948 0.77180694 0.77028174 0.77251993
 0.78505866 0.77830833 0.77736948 0.77180694 0.77028174 0.77251993
 0.78505866 0.77830833 0.77736948 0.77180694 0.77028174 0.77251993
 0.78505866 0.77830833 0.77736948 0.77180694 0.77028174 0.77251993
 0.78505866 0.77830833 0.77736948 0.77180694 0.77028174 0.77251993
 0.78505866 0.77830833 0.77736948 0.77180694 0.77028174 0.77251993
 0.78505866 0.77830833 0.77736948 0.77180694]

accuracy_mean: 0.7298504355448417
diff_mean: 0.07505124086735583
ratio_mean: 1.194594898602518
var_mean: 0.7750797692935272