accuracy: [0.66614451 0.64832583 0.66027022 0.66124927 0.66007441 0.66359898
 0.64832583 0.66027022 0.66124927 0.66007441 0.66359898 0.64832583
 0.66027022 0.66124927 0.66007441 0.66359898 0.64832583 0.66027022
 0.66124927 0.66007441 0.66359898 0.64832583 0.66027022 0.66124927
 0.66007441 0.66359898 0.64832583 0.66027022 0.66124927 0.66007441
 0.66359898 0.64832583 0.66027022 0.66124927 0.66007441 0.66359898
 0.64832583 0.66027022 0.66124927 0.66007441 0.66359898 0.64832583
 0.66027022 0.66124927 0.66007441 0.66359898 0.64832583 0.66027022
 0.66124927 0.66007441 0.66359898 0.64832583 0.66027022 0.66124927
 0.66007441 0.66359898 0.64832583 0.66027022 0.66124927 0.66007441
 0.66359898 0.64832583 0.66027022 0.66124927 0.66007441 0.66359898
 0.64832583 0.66027022 0.66124927 0.66007441 0.66359898 0.64832583
 0.66027022 0.66124927 0.66007441 0.66359898 0.64832583 0.66027022
 0.66124927 0.66007441 0.66359898 0.64832583 0.66027022 0.66124927
 0.66007441 0.66359898 0.64832583 0.66027022 0.66124927 0.66007441
 0.66359898 0.64832583 0.66027022 0.66124927 0.66007441 0.66359898
 0.64832583 0.66027022 0.66124927 0.66007441]
diff: [0.15237055 0.15306891 0.15527831 0.15555867 0.17236249 0.18529442
 0.15306891 0.15527831 0.15555867 0.17236249 0.18529442 0.15306891
 0.15527831 0.15555867 0.17236249 0.18529442 0.15306891 0.15527831
 0.15555867 0.17236249 0.18529442 0.15306891 0.15527831 0.15555867
 0.17236249 0.18529442 0.15306891 0.15527831 0.15555867 0.17236249
 0.18529442 0.15306891 0.15527831 0.15555867 0.17236249 0.18529442
 0.15306891 0.15527831 0.15555867 0.17236249 0.18529442 0.15306891
 0.15527831 0.15555867 0.17236249 0.18529442 0.15306891 0.15527831
 0.15555867 0.17236249 0.18529442 0.15306891 0.15527831 0.15555867
 0.17236249 0.18529442 0.15306891 0.15527831 0.15555867 0.17236249
 0.18529442 0.15306891 0.15527831 0.15555867 0.17236249 0.18529442
 0.15306891 0.15527831 0.15555867 0.17236249 0.18529442 0.15306891
 0.15527831 0.15555867 0.17236249 0.18529442 0.15306891 0.15527831
 0.15555867 0.17236249 0.18529442 0.15306891 0.15527831 0.15555867
 0.17236249 0.18529442 0.15306891 0.15527831 0.15555867 0.17236249
 0.18529442 0.15306891 0.15527831 0.15555867 0.17236249 0.18529442
 0.15306891 0.15527831 0.15555867 0.17236249]
ratio: [1.34320358 1.34337079 1.34725876 1.35934052 1.40893846 1.45535118
 1.34337079 1.34725876 1.35934052 1.40893846 1.45535118 1.34337079
 1.34725876 1.35934052 1.40893846 1.45535118 1.34337079 1.34725876
 1.35934052 1.40893846 1.45535118 1.34337079 1.34725876 1.35934052
 1.40893846 1.45535118 1.34337079 1.34725876 1.35934052 1.40893846
 1.45535118 1.34337079 1.34725876 1.35934052 1.40893846 1.45535118
 1.34337079 1.34725876 1.35934052 1.40893846 1.45535118 1.34337079
 1.34725876 1.35934052 1.40893846 1.45535118 1.34337079 1.34725876
 1.35934052 1.40893846 1.45535118 1.34337079 1.34725876 1.35934052
 1.40893846 1.45535118 1.34337079 1.34725876 1.35934052 1.40893846
 1.45535118 1.34337079 1.34725876 1.35934052 1.40893846 1.45535118
 1.34337079 1.34725876 1.35934052 1.40893846 1.45535118 1.34337079
 1.34725876 1.35934052 1.40893846 1.45535118 1.34337079 1.34725876
 1.35934052 1.40893846 1.45535118 1.34337079 1.34725876 1.35934052
 1.40893846 1.45535118 1.34337079 1.34725876 1.35934052 1.40893846
 1.45535118 1.34337079 1.34725876 1.35934052 1.40893846 1.45535118
 1.34337079 1.34725876 1.35934052 1.40893846]
var: [0.37791743 0.37108434 0.37403758 0.36442696 0.42197034 0.43430582
 0.37108434 0.37403758 0.36442696 0.42197034 0.43430582 0.37108434
 0.37403758 0.36442696 0.42197034 0.43430582 0.37108434 0.37403758
 0.36442696 0.42197034 0.43430582 0.37108434 0.37403758 0.36442696
 0.42197034 0.43430582 0.37108434 0.37403758 0.36442696 0.42197034
 0.43430582 0.37108434 0.37403758 0.36442696 0.42197034 0.43430582
 0.37108434 0.37403758 0.36442696 0.42197034 0.43430582 0.37108434
 0.37403758 0.36442696 0.42197034 0.43430582 0.37108434 0.37403758
 0.36442696 0.42197034 0.43430582 0.37108434 0.37403758 0.36442696
 0.42197034 0.43430582 0.37108434 0.37403758 0.36442696 0.42197034
 0.43430582 0.37108434 0.37403758 0.36442696 0.42197034 0.43430582
 0.37108434 0.37403758 0.36442696 0.42197034 0.43430582 0.37108434
 0.37403758 0.36442696 0.42197034 0.43430582 0.37108434 0.37403758
 0.36442696 0.42197034 0.43430582 0.37108434 0.37403758 0.36442696
 0.42197034 0.43430582 0.37108434 0.37403758 0.36442696 0.42197034
 0.43430582 0.37108434 0.37403758 0.36442696 0.42197034 0.43430582
 0.37108434 0.37403758 0.36442696 0.42197034]

accuracy_mean: 0.6587291952222439
diff_mean: 0.1639833204936627
ratio_mean: 1.3817304680575122
var_mean: 0.392601124393494
