accuracy: [0.64519287 0.65361269 0.65654983 0.66555708 0.65478755 0.66046603
 0.66046603 0.6720188  0.66536127 0.6559624  0.66007441 0.65674564
 0.65106716 0.66144508 0.66164089 0.67299785 0.6538085  0.66222831
 0.66144508 0.66164089 0.67299785 0.6538085  0.66222831 0.66144508
 0.66164089 0.67299785 0.6538085  0.66222831 0.66144508 0.66164089
 0.67299785 0.6538085  0.66222831 0.66144508 0.66164089 0.67299785
 0.6538085  0.66222831 0.66144508 0.66164089 0.67299785 0.6538085
 0.66222831 0.66144508 0.66164089 0.67299785 0.6538085  0.66222831
 0.66144508 0.66164089 0.67299785 0.6538085  0.66222831 0.66144508
 0.66164089 0.67299785 0.6538085  0.66222831 0.66144508 0.66164089
 0.67299785 0.6538085  0.66222831 0.66144508 0.66164089 0.67299785
 0.6538085  0.66222831 0.66144508 0.66164089 0.67299785 0.6538085
 0.66222831 0.66144508 0.66164089 0.67299785 0.6538085  0.66222831
 0.66144508 0.66164089 0.67299785 0.6538085  0.66222831 0.66144508
 0.66164089 0.67299785 0.6538085  0.66222831 0.66144508 0.66164089
 0.67299785 0.6538085  0.66222831 0.66144508 0.66164089 0.67299785
 0.6538085  0.66222831 0.66144508 0.66164089]
diff: [0.18973077 0.14288368 0.20224541 0.12219053 0.11292674 0.16295048
 0.15363881 0.19057581 0.13922363 0.18405577 0.20712619 0.14782548
 0.10386411 0.1304726  0.09671022 0.16222072 0.16763391 0.17129842
 0.1304726  0.09671022 0.16222072 0.16763391 0.17129842 0.1304726
 0.09671022 0.16222072 0.16763391 0.17129842 0.1304726  0.09671022
 0.16222072 0.16763391 0.17129842 0.1304726  0.09671022 0.16222072
 0.16763391 0.17129842 0.1304726  0.09671022 0.16222072 0.16763391
 0.17129842 0.1304726  0.09671022 0.16222072 0.16763391 0.17129842
 0.1304726  0.09671022 0.16222072 0.16763391 0.17129842 0.1304726
 0.09671022 0.16222072 0.16763391 0.17129842 0.1304726  0.09671022
 0.16222072 0.16763391 0.17129842 0.1304726  0.09671022 0.16222072
 0.16763391 0.17129842 0.1304726  0.09671022 0.16222072 0.16763391
 0.17129842 0.1304726  0.09671022 0.16222072 0.16763391 0.17129842
 0.1304726  0.09671022 0.16222072 0.16763391 0.17129842 0.1304726
 0.09671022 0.16222072 0.16763391 0.17129842 0.1304726  0.09671022
 0.16222072 0.16763391 0.17129842 0.1304726  0.09671022 0.16222072
 0.16763391 0.17129842 0.1304726  0.09671022]
ratio: [1.48400706 1.32914277 1.55010753 1.2679617  1.26075812 1.401341
 1.31982474 1.47083436 1.30397159 1.46367895 1.53203002 1.35270641
 1.22157676 1.28875084 1.19768707 1.37035296 1.41117751 1.40552279
 1.28875084 1.19768707 1.37035296 1.41117751 1.40552279 1.28875084
 1.19768707 1.37035296 1.41117751 1.40552279 1.28875084 1.19768707
 1.37035296 1.41117751 1.40552279 1.28875084 1.19768707 1.37035296
 1.41117751 1.40552279 1.28875084 1.19768707 1.37035296 1.41117751
 1.40552279 1.28875084 1.19768707 1.37035296 1.41117751 1.40552279
 1.28875084 1.19768707 1.37035296 1.41117751 1.40552279 1.28875084
 1.19768707 1.37035296 1.41117751 1.40552279 1.28875084 1.19768707
 1.37035296 1.41117751 1.40552279 1.28875084 1.19768707 1.37035296
 1.41117751 1.40552279 1.28875084 1.19768707 1.37035296 1.41117751
 1.40552279 1.28875084 1.19768707 1.37035296 1.41117751 1.40552279
 1.28875084 1.19768707 1.37035296 1.41117751 1.40552279 1.28875084
 1.19768707 1.37035296 1.41117751 1.40552279 1.28875084 1.19768707
 1.37035296 1.41117751 1.40552279 1.28875084 1.19768707 1.37035296
 1.41117751 1.40552279 1.28875084 1.19768707]
var: [0.38158491 0.39347768 0.44961182 0.3694717  0.40183479 0.41398496
 0.36529433 0.41475029 0.37773353 0.43272376 0.38913414 0.39396647
 0.36458333 0.37080825 0.3393628  0.35722157 0.43027066 0.35889704
 0.37080825 0.3393628  0.35722157 0.43027066 0.35889704 0.37080825
 0.3393628  0.35722157 0.43027066 0.35889704 0.37080825 0.3393628
 0.35722157 0.43027066 0.35889704 0.37080825 0.3393628  0.35722157
 0.43027066 0.35889704 0.37080825 0.3393628  0.35722157 0.43027066
 0.35889704 0.37080825 0.3393628  0.35722157 0.43027066 0.35889704
 0.37080825 0.3393628  0.35722157 0.43027066 0.35889704 0.37080825
 0.3393628  0.35722157 0.43027066 0.35889704 0.37080825 0.3393628
 0.35722157 0.43027066 0.35889704 0.37080825 0.3393628  0.35722157
 0.43027066 0.35889704 0.37080825 0.3393628  0.35722157 0.43027066
 0.35889704 0.37080825 0.3393628  0.35722157 0.43027066 0.35889704
 0.37080825 0.3393628  0.35722157 0.43027066 0.35889704 0.37080825
 0.3393628  0.35722157 0.43027066 0.35889704 0.37080825 0.3393628
 0.35722157 0.43027066 0.35889704 0.37080825 0.3393628  0.35722157
 0.43027066 0.35889704 0.37080825 0.3393628 ]

accuracy_mean: 0.6618699823771296
diff_mean: 0.1466813006755914
ratio_mean: 1.3389372891531235
var_mean: 0.3741984799191488
