accuracy: [0.76380952 0.76372549 0.76380952 0.76372549 0.76380952 0.76372549
 0.76380952 0.76372549 0.76380952 0.76372549 0.76380952 0.76372549
 0.76380952 0.76372549 0.76380952 0.76372549 0.76380952 0.76372549
 0.76380952 0.76372549 0.76380952 0.76372549 0.76380952 0.76372549
 0.76380952 0.76372549 0.76380952 0.76372549 0.76380952 0.76372549
 0.76380952 0.76372549 0.76380952 0.76372549 0.76380952 0.76372549
 0.76380952 0.76372549 0.76380952 0.76372549 0.76380952 0.76372549
 0.76380952 0.76372549 0.76380952 0.76372549 0.76380952 0.76372549
 0.76380952 0.76372549 0.76380952 0.76372549 0.76380952 0.76372549
 0.76380952 0.76372549 0.76380952 0.76372549 0.76380952 0.76372549
 0.76380952 0.76372549 0.76380952 0.76372549 0.76380952 0.76372549
 0.76380952 0.76372549 0.76380952 0.76372549 0.76380952 0.76372549
 0.76380952 0.76372549 0.76380952 0.76372549 0.76380952 0.76372549
 0.76380952 0.76372549 0.76380952 0.76372549 0.76380952 0.76372549
 0.76380952 0.76372549 0.76380952 0.76372549 0.76380952 0.76372549
 0.76380952 0.76372549 0.76380952 0.76372549 0.76380952 0.76372549
 0.76380952 0.76372549 0.76380952 0.76372549]
diff: [0.06470479 0.0664961  0.06470479 0.0664961  0.06470479 0.0664961
 0.06470479 0.0664961  0.06470479 0.0664961  0.06470479 0.0664961
 0.06470479 0.0664961  0.06470479 0.0664961  0.06470479 0.0664961
 0.06470479 0.0664961  0.06470479 0.0664961  0.06470479 0.0664961
 0.06470479 0.0664961  0.06470479 0.0664961  0.06470479 0.0664961
 0.06470479 0.0664961  0.06470479 0.0664961  0.06470479 0.0664961
 0.06470479 0.0664961  0.06470479 0.0664961  0.06470479 0.0664961
 0.06470479 0.0664961  0.06470479 0.0664961  0.06470479 0.0664961
 0.06470479 0.0664961  0.06470479 0.0664961  0.06470479 0.0664961
 0.06470479 0.0664961  0.06470479 0.0664961  0.06470479 0.0664961
 0.06470479 0.0664961  0.06470479 0.0664961  0.06470479 0.0664961
 0.06470479 0.0664961  0.06470479 0.0664961  0.06470479 0.0664961
 0.06470479 0.0664961  0.06470479 0.0664961  0.06470479 0.0664961
 0.06470479 0.0664961  0.06470479 0.0664961  0.06470479 0.0664961
 0.06470479 0.0664961  0.06470479 0.0664961  0.06470479 0.0664961
 0.06470479 0.0664961  0.06470479 0.0664961  0.06470479 0.0664961
 0.06470479 0.0664961  0.06470479 0.0664961 ]
ratio: [1.24552112 1.71080357 1.24552112 1.71080357 1.24552112 1.71080357
 1.24552112 1.71080357 1.24552112 1.71080357 1.24552112 1.71080357
 1.24552112 1.71080357 1.24552112 1.71080357 1.24552112 1.71080357
 1.24552112 1.71080357 1.24552112 1.71080357 1.24552112 1.71080357
 1.24552112 1.71080357 1.24552112 1.71080357 1.24552112 1.71080357
 1.24552112 1.71080357 1.24552112 1.71080357 1.24552112 1.71080357
 1.24552112 1.71080357 1.24552112 1.71080357 1.24552112 1.71080357
 1.24552112 1.71080357 1.24552112 1.71080357 1.24552112 1.71080357
 1.24552112 1.71080357 1.24552112 1.71080357 1.24552112 1.71080357
 1.24552112 1.71080357 1.24552112 1.71080357 1.24552112 1.71080357
 1.24552112 1.71080357 1.24552112 1.71080357 1.24552112 1.71080357
 1.24552112 1.71080357 1.24552112 1.71080357 1.24552112 1.71080357
 1.24552112 1.71080357 1.24552112 1.71080357 1.24552112 1.71080357
 1.24552112 1.71080357 1.24552112 1.71080357 1.24552112 1.71080357
 1.24552112 1.71080357 1.24552112 1.71080357 1.24552112 1.71080357
 1.24552112 1.71080357 1.24552112 1.71080357 1.24552112 1.71080357
 1.24552112 1.71080357 1.24552112 1.71080357]
var: [0.90715696 0.90392772 0.90715696 0.90392772 0.90715696 0.90392772
 0.90715696 0.90392772 0.90715696 0.90392772 0.90715696 0.90392772
 0.90715696 0.90392772 0.90715696 0.90392772 0.90715696 0.90392772
 0.90715696 0.90392772 0.90715696 0.90392772 0.90715696 0.90392772
 0.90715696 0.90392772 0.90715696 0.90392772 0.90715696 0.90392772
 0.90715696 0.90392772 0.90715696 0.90392772 0.90715696 0.90392772
 0.90715696 0.90392772 0.90715696 0.90392772 0.90715696 0.90392772
 0.90715696 0.90392772 0.90715696 0.90392772 0.90715696 0.90392772
 0.90715696 0.90392772 0.90715696 0.90392772 0.90715696 0.90392772
 0.90715696 0.90392772 0.90715696 0.90392772 0.90715696 0.90392772
 0.90715696 0.90392772 0.90715696 0.90392772 0.90715696 0.90392772
 0.90715696 0.90392772 0.90715696 0.90392772 0.90715696 0.90392772
 0.90715696 0.90392772 0.90715696 0.90392772 0.90715696 0.90392772
 0.90715696 0.90392772 0.90715696 0.90392772 0.90715696 0.90392772
 0.90715696 0.90392772 0.90715696 0.90392772 0.90715696 0.90392772
 0.90715696 0.90392772 0.90715696 0.90392772 0.90715696 0.90392772
 0.90715696 0.90392772 0.90715696 0.90392772]